0.000106069088387
0.000106287851243
0.000106569595252
0.00010690565778
0.000107286487571
0.000107701984713
0.000108141826613
0.000108595768199
0.000109053907931
0.000109506914401
0.000109946211143
0.000110364119623
0.000110753962137
0.00011111012766
0.000111428104435
0.000111704483501
0.000111936937402
0.000112124178103
0.000112265897776
0.000112362695681
0.000112415993877
0.000112427944181
0.000112401328456
0.000112339454206
0.000112246047404
0.000112125144493
0.000111980985562
0.000111817910707
0.000111640261539
0.000111452289691
0.000111258073967
0.000111061447548
0.00011086593638
0.000110674709578
0.000110490542381
0.000110315791869
0.000110152385311
0.000110001820665
0.000109865178353
0.000109743143109
0.000109636034343
0.000109543843227
0.000109466274585
0.000109402791598
0.000109352661454
0.000109315000238
0.000109288815641
0.000109273046341
0.000109266597255
0.000109268370148
0.000109277289312
0.000109292322287
0.000109312495711
0.00010933690656
0.000109364729171
0.000109395218503
0.000109427710235
0.000109461618318
0.000109496430614
0.000109531703275
0.000109567054398
0.000109602157507
0.000109636735265
0.000109670553818
0.000109703418047
0.000109735167958
0.000109765676323
0.000109794847587
0.000109822617931
0.000109848956289
0.000109873866074
0.000109897387312
0.000109919598986
0.000109940621383
0.000109960618366
0.000109979799495
0.000109998421937
0.000110016792041
0.000110035266419
0.000110054252317
0.000110074207102
0.000110095636733
0.000110119093254
0.000110145171461
0.00011017450502
0.000110207762369
0.000110245642675
0.000110288872047
0.000110338200032
0.000110394396312
0.000110458247525
0.000110530554127
0.000110612127448
0.000110703787183
0.000110806359726
0.000110920677668
0.000111047580656
0.000111187917536
0.000111342549525
0.000111512354014
0.000111698228723
0.000111901096009
0.000112121907336
0.000112361647974
0.000112621342001
0.000112902057592
0.000113204912459
0.000113531079228
0.000113881790527
0.000114258343531
0.00011466210374
0.000115094507784
0.000115557065113
0.000116051358496
0.000116579043333
0.000117141845804
0.000117741559814
0.000118380042592
0.00011905920869
0.000119781022124
0.000120547486516
0.000121360633182
0.000122222507211
0.00012313515147
0.000124100588353
0.000125120799013
0.000126197699835
0.000127333116107
0.000128528753001
0.000129786164011
0.000131106716878
0.000132491556882
0.000133941567291
0.000135457326961
0.000137039065344
0.000138686615416
0.00014039936503
0.000142176207024
0.000144015488189
0.000145914957207
0.000147871711991
0.00014988214723
0.000151941903276
0.000154045817369
0.000156187877861
0.000158361181739
0.000160557895751
0.000162769221815
0.000164985367901
0.000167195525893
0.000169387857664
0.000171549490093
0.000173666519209
0.000175724023666
0.000177706088331
0.000179595839584
0.000181375494449
0.000183026425515
0.000184529242935
0.00018586389406
0.000187009781217
0.000187945898921
0.000188650993175
0.000189103746835
0.000189282995589
0.000189167979
0.00018873863066
0.000187975911627
0.000186862192408
0.00018538169066
0.000183520973897
0.000181269537951
0.000178620472565
0.000175571225373
0.00017212447532
0.000168289126006
0.000164081427528
0.000159526229477
0.000154658354714
0.000149524059599
0.000144182507697
0.00013870712586
0.000133186628806
0.000127725387486
0.00012244268445
0.000117470276812
0.000112947646264
0.000109014475488
0.000105800386144
0.000103412855158
0.000101925301778
0.000101368095312
0.000101725041032
0.000102936516257
0.000104908386413
0.000107524187811
0.000110657600414
0.00011418291849
0.0001179824255
0.000121950640956
0.000125996025252
0.000130040924071
0.000134020467911
0.000137880970252
0.000141578186791
0.000145075650672
0.000148343194223
0.000151355700897
0.000154092092213
0.000156534534258
0.00015866783975
0.000160479039733
0.000161957100584
0.000163092765058
0.00016387849947
0.000164308532202
0.000164378971175
0.000164087989872
0.000163436072715
0.000162426311344
0.000161064743364
0.000159360724446
0.000157327322993
0.000154981723757
0.000152345622549
0.000149445588303
0.000146313361158
0.000142986046015
0.000139506150693
0.000135921407566
0.000132284309494
0.000128651288323
0.000125081472088
0.000121634980778
0.00011837076564
0.000115344065375
0.000112603639712
0.000110189031986
0.000108128182208
0.000106435730981
0.000105112299476
0.000104144899773
0.000103508449764
0.000103168185833
0.000103082635824
0.000103206765966
0.000103494949811
0.000103903499834
0.000104392617295
0.000104927721737
0.000105480199658
0.000106027657536
0.000106553782088
0.000107047908994
0.000107504389106
0.000107921825275
0.000108302237712
0.000108650203413
0.000108972006106
0.000109274826918
0.000109566001514
0.000109852365735
0.000110139707887
0.000110432341336
0.000110732805728
0.00011104169931
0.000111357638761
0.000111677337243
0.000111995786448
0.000112306524659
0.000112601970365
0.000112873800014
0.000113113348847
0.000113312015307
0.000113461652006
0.000113554929163
0.000113585659588
0.000113549077193
0.000113442063505
0.000113263318565
0.000113013473934
0.000112695146407
0.000112312931568
0.000111873336818
0.000111384654005
0.000110856772638
0.000110300935846
0.000109729442958
0.000109155304791
0.000108591860429
0.000108052367281
0.000107549579226
0.000107095330289
0.000106700143088
0.00010637288175
0.000106120467792
0.00010594767447
0.000105857010416
0.000105848697525
0.000105920741641
0.000106069088387
