8.08573386166000e-05
4.03410376748000e-05
8.04938608781000e-05
0.000321265921229000
0.000320686172927000
8.00417910796000e-05
3.99493546865000e-05
7.97431566752000e-05
0.000318314938340000
0.000317711295793000
3.96553114115000e-05
7.93126673670000e-05
3.96594550693000e-05
0.000317043712130000
0.000158741109772000
7.97150714789000e-05
0.000159905554028000
8.01991554908000e-05
8.04476367193000e-05
0.000162057011039000
8.23048030725000e-05
0.000166118392372000
8.38231062517000e-05
8.44657770358000e-05
0.000344822299667000
8.85339395609000e-05
0.000180075076059000
9.15530254133000e-05
9.44476414588000e-05
0.000384793471312000
0.000101025339973000
0.000205805394216000
0.000104796323285000
0.000106862637040000
0.000225994313951000
0.000116721690574000
5.94733064645000e-05
0.000115564980661000
0.000396199146053000
0.000273921032203000
-2.73273290077000e-05
-2.26423107961000e-05
-1.74007091118000e-05
0.000174196247826000
0.000277111394098000
5.82461143495000e-05
2.35833504121000e-05
3.96884061047000e-05
0.000172044950887000
0.000204233278055000
5.33607490070000e-05
2.64383434114000e-05
5.15586725669000e-05
0.000204355397727000
0.000210987564060000
5.43478709005000e-05
2.78007319139000e-05
0.000113338777737000
0.000229652781854000
0.000232539503486000
5.90775307501000e-05
3.01053278235000e-05
6.14355012658000e-05
0.000250234588748000
0.000254728482105000
6.46699700155000e-05
3.28513451677000e-05
6.67315543978000e-05
0.000271013646852000
0.000275048456388000
6.98556978023000e-05
3.54382791556000e-05
7.18051742297000e-05
0.000290887895972000
0.000294386351015000
7.44849094190000e-05
3.76546850021000e-05
7.60563998483000e-05
0.000307057955069000
0.000309832365019000
7.81115595601000e-05
3.93424052163000e-05
7.92039281805000e-05
0.000318382983096000
0.000319749698974000
8.03465954959000e-05
4.03402009397000e-05
8.08908152976000e-05
0.000324092310620000
0.000324844120769000
8.14108061604000e-05
4.07733168686000e-05
8.16180545371000e-05
0.000326574197970000
0.000326461100485000
8.15527018858000e-05
4.07275256293000e-05
8.13214282971000e-05
0.000324699300108000
0.000324044172885000
8.08786280686000e-05
0.0928089693189000
0.0925549268723000
0.0923658311367000
0.0923663824797000
0.0920875072479000
0.0919221714139000
0.0916883349419000
0.0915270820260000
0.0915490239859000
0.0913155451417000
0.0911510661244000
0.0910557135940000
0.0913783684373000
0.0916713401675000
0.0912348404527000
0.0913876518607000
0.0916619077325000
0.0919305831194000
0.0930008217692000
0.0930210649967000
0.0936640352011000
0.0945767983794000
0.0954784080386000
0.0962975174189000
0.0980072319508000
0.0990136191249000
0.101291440427000
0.103110350668000
0.105376988649000
0.107722759247000
0.109669320285000
0.113623827696000
0.115900449455000
0.121338576078000
0.122717678547000
0.124817207456000
0.126697331667000
0.123366415501000
0.109834872186000
0.0866968333721000
0.00992210209370000
-0.0335623957217000
-0.00577216129750000
0.0439905785024000
0.0675638467073000
0.0593391656876000
0.0487629026175000
0.0430224314332000
0.0468487031758000
0.0537855625153000
0.0559428520501000
0.0556731410325000
0.0550393648446000
0.0548668578267000
0.0566462203860000
0.0583376139402000
0.0596929863095000
0.0609063282609000
0.0619107671082000
0.0628790259361000
0.0640056952834000
0.0652430057526000
0.0666767209768000
0.0681860595942000
0.0694195106626000
0.0706712529063000
0.0718976929784000
0.0732022076845000
0.0746590644121000
0.0758463144302000
0.0771652460098000
0.0783840641379000
0.0795924365520000
0.0809650346637000
0.0820287168026000
0.0831246972084000
0.0841379761696000
0.0851562619209000
0.0862870663404000
0.0871331393719000
0.0879799872637000
0.0886973813176000
0.0894490182400000
0.0902524143457000
0.0906659588218000
0.0912422388792000
0.0916521623731000
0.0920427590609000
0.0925156325102000
0.0926978141069000
0.0929803699255000
0.0931347012520000
0.0932905897498000
0.0935618057847000
0.0934667885303000
0.0934343636036000
0.0932923629880000
0.0931931063533000
0.0932484641671000
0.0929764658213000
0.0928092002869000
0.172560244799000
0.172254055738000
0.171885311604000
0.171623393893000
0.171690717340000
0.171020314097000
0.170713320374000
0.170371890068000
0.170156285167000
0.170286640525000
0.169815599918000
0.169721424580000
0.169596537948000
0.169818744063000
0.169614285231000
0.169864177704000
0.170229911804000
0.170674666762000
0.171610370278000
0.172100007534000
0.173327773809000
0.174355715513000
0.175967261195000
0.177544146776000
0.179495841265000
0.181737482548000
0.184166178107000
0.187513798475000
0.190556630492000
0.193565636873000
0.197699531913000
0.201536774635000
0.206143781543000
0.211525842547000
0.214554235339000
0.217620700598000
0.217325881124000
0.208616256714000
0.188319265842000
0.171925857663000
0.0793919712305000
-0.00488695176318000
0.0322625413537000
0.102900907397000
0.109518334270000
0.0946543812752000
0.0769416764379000
0.0723295211792000
0.0824678540230000
0.0911338031292000
0.0943530648947000
0.0933584272861000
0.0928230136633000
0.0933562740684000
0.0967133268714000
0.100036159158000
0.102325670421000
0.104092799127000
0.106284745038000
0.108165211976000
0.110698789358000
0.113253846765000
0.116032347083000
0.118708826602000
0.120791435242000
0.123741894960000
0.126346692443000
0.128949522972000
0.131690293550000
0.134013697505000
0.136964082718000
0.139572799206000
0.142031341791000
0.144641026855000
0.147005870938000
0.149416238070000
0.151689648628000
0.153845459223000
0.155998021364000
0.158023282886000
0.159937217832000
0.161656796932000
0.163313493133000
0.164792299271000
0.166280999780000
0.167487114668000
0.168595433235000
0.169537633657000
0.170362517238000
0.171421155334000
0.171904370189000
0.172453507781000
0.172807812691000
0.173117429018000
0.173605322838000
0.173346504569000
0.173296049237000
0.173143550754000
0.173020169139000
0.172953560948000
0.172529995441000
0.239771381021000
0.239515200257000
0.239147409797000
0.238726675510000
0.238414004445000
0.237991303205000
0.237585574389000
0.237124994397000
0.236649110913000
0.236326262355000
0.236016303301000
0.235771015286000
0.235569208860000
0.235244691372000
0.235443159938000
0.235714986920000
0.235974609852000
0.236443996429000
0.236934944987000
0.237904250622000
0.239281669259000
0.240245118737000
0.241811439395000
0.244036868215000
0.245798677206000
0.248598217964000
0.250606209040000
0.253941178322000
0.257253170013000
0.260130435228000
0.264550209045000
0.267273932695000
0.271535933018000
0.275581896305000
0.277943044901000
0.279864847660000
0.279173195362000
0.275759041309000
0.267361789942000
0.259483814240000
0.220490008593000
0.190723851323000
0.0692254900932000
0.102890670300000
0.122824415565000
0.118574142456000
0.103445440531000
0.0913029015064000
0.0945166125894000
0.106287695467000
0.110796563327000
0.111953213811000
0.110715404153000
0.111759051681000
0.115354396403000
0.119027085602000
0.122390374541000
0.125587776303000
0.128545328975000
0.131374940276000
0.134589478374000
0.138028696179000
0.141890093684000
0.145606547594000
0.149397850037000
0.153245165944000
0.157101422548000
0.160977333784000
0.165058985353000
0.169158458710000
0.173207074404000
0.177313759923000
0.181317627430000
0.185322940350000
0.189320594072000
0.193161472678000
0.197042673826000
0.200721830130000
0.204310819507000
0.207760617137000
0.211195319891000
0.214461281896000
0.217539831996000
0.220172956586000
0.222851738334000
0.225447967649000
0.227781191468000
0.229905605316000
0.231516703963000
0.233383327723000
0.234941869974000
0.236342012882000
0.237421229482000
0.238235205412000
0.238955304027000
0.239418625832000
0.239787146449000
0.239945128560000
0.239936158061000
0.239863798022000
0.239771515131000
0.294175475836000
0.294110238552000
0.293952018023000
0.293778002262000
0.293480038643000
0.293001472950000
0.292456984520000
0.291896432638000
0.291378349066000
0.290760040283000
0.290181666613000
0.289671838284000
0.289277106524000
0.289022803307000
0.288777142763000
0.288721024990000
0.288672149181000
0.288915216923000
0.289319217205000
0.289740353823000
0.290600597858000
0.291230410337000
0.292111456394000
0.293266534805000
0.294510751963000
0.298619687557000
0.300551861525000
0.303472161293000
0.302542328835000
0.304155498743000
0.306727319956000
0.309911906719000
0.311781615019000
0.313756227493000
0.314255774021000
0.314552575350000
0.313790112734000
0.312037616968000
0.307231068611000
0.301014542580000
0.270030140877000
0.271477282047000
0.203498288989000
0.137652710080000
0.122073285282000
0.134141892195000
0.164905443788000
0.175245791674000
0.177354156971000
0.177659481764000
0.176787197590000
0.177414074540000
0.177823781967000
0.176023527980000
0.173461601138000
0.151627957821000
0.151715189219000
0.152099996805000
0.153587147593000
0.156368821859000
0.157927960157000
0.159373641014000
0.160990118980000
0.162894815207000
0.166463240981000
0.168705075979000
0.171176671982000
0.174088746309000
0.177435591817000
0.182191863656000
0.186092838645000
0.190495043993000
0.195389419794000
0.200538858771000
0.205863401294000
0.211209595203000
0.216704130173000
0.222259223461000
0.227778330445000
0.233039662242000
0.238412931561000
0.243661060929000
0.248756513000000
0.253506332636000
0.257728755474000
0.262551814318000
0.266681522131000
0.270562231541000
0.273853778839000
0.277397662401000
0.280492901802000
0.283183813095000
0.285581469536000
0.287660121918000
0.289391219616000
0.290781587362000
0.291868656874000
0.292756497860000
0.293494671583000
0.293804079294000
0.294174939394000
0.334310799837000
0.335249632597000
0.335760444403000
0.336140841246000
0.336296439171000
0.336184710264000
0.335837185383000
0.335287183523000
0.334632098675000
0.333905428648000
0.333123862743000
0.332351416349000
0.331572592258000
0.330875545740000
0.330289691687000
0.329664409161000
0.329165369272000
0.328768640757000
0.328491389751000
0.328460901976000
0.328381717205000
0.328415244818000
0.328635007143000
0.328770697117000
0.329471617937000
0.330388069153000
0.330674886703000
0.331422775984000
0.332063317299000
0.332603961229000
0.333345532417000
0.333209753036000
0.332923501730000
0.332614839077000
0.331700146198000
0.330056458712000
0.327768564224000
0.324444770813000
0.318661242723000
0.308172821999000
0.287719786167000
0.287896752357000
0.306821286678000
0.258609384298000
0.243733063340000
0.267942756414000
0.287976861000000
0.290042907000000
0.287062764168000
0.280388116837000
0.279112637043000
0.279264479876000
0.279876857996000
0.276366174221000
0.269901424646000
0.275781750679000
0.281349420547000
0.277049928904000
0.275935351849000
0.278147190809000
0.272470086813000
0.265619158745000
0.259443640709000
0.252697676420000
0.245357871056000
0.235225364566000
0.229068145156000
0.222281172872000
0.215522825718000
0.211540460587000
0.204617977142000
0.203100293875000
0.202784210443000
0.203326538205000
0.206009760499000
0.208715543151000
0.213643938303000
0.219012215734000
0.224910676479000
0.231198295951000
0.238111019135000
0.244887039065000
0.251828610897000
0.258777648211000
0.265109986067000
0.272311389446000
0.278985351324000
0.285229325294000
0.291232168674000
0.297204732895000
0.302922457457000
0.308108597994000
0.312832921743000
0.317065715790000
0.320608586073000
0.324015259743000
0.326849222183000
0.329214781523000
0.331369638443000
0.332706630230000
0.334350496531000
0.357072174549000
0.360166639090000
0.362464785576000
0.364418447018000
0.366109907627000
0.366935640574000
0.367356538773000
0.367409259081000
0.367050796747000
0.366426974535000
0.365570068359000
0.364602655172000
0.363606274128000
0.362543910742000
0.361414700747000
0.360240250826000
0.359122484922000
0.358093440533000
0.357081055641000
0.356166690588000
0.355271488428000
0.354435384274000
0.353750199080000
0.353494435549000
0.352895051241000
0.352233469486000
0.351602017879000
0.350530654192000
0.350137203932000
0.349102586508000
0.347971498966000
0.346854299307000
0.345087975264000
0.340892016888000
0.338035702705000
0.334556013346000
0.330853313208000
0.326650172472000
0.320597857237000
0.315773934126000
0.328124612570000
0.374585837126000
0.401432037354000
0.375053822994000
0.376217097044000
0.379916995764000
0.389816075563000
0.394257396460000
0.392777502537000
0.387879431248000
0.385837554932000
0.385412067175000
0.385984450579000
0.384312987328000
0.383418023586000
0.387066274881000
0.388000845909000
0.384743601084000
0.382757157087000
0.383216589689000
0.376592397690000
0.371317297220000
0.366298556328000
0.361069828272000
0.355805873871000
0.349830150604000
0.345944046974000
0.342031359673000
0.337938457727000
0.332135230303000
0.332775831223000
0.332533955574000
0.332771301270000
0.333240509033000
0.333417683840000
0.336418151855000
0.338872075081000
0.341562539339000
0.344121873379000
0.346363276243000
0.349103957415000
0.351043045521000
0.352662920952000
0.353682816029000
0.353505790234000
0.351817429066000
0.347747236490000
0.342031449080000
0.328279495239000
0.328390181065000
0.323927134275000
0.320250034332000
0.320261478424000
0.324582636356000
0.329536974430000
0.334375500679000
0.339583277702000
0.344628155231000
0.349356710911000
0.353221118450000
0.357058137655000
0.378502160311000
0.377326488495000
0.372891187668000
0.374777078629000
0.378331422806000
0.381464123726000
0.384434372187000
0.386444896460000
0.387588143349000
0.388210415840000
0.388072252274000
0.387308746576000
0.386322766542000
0.385186195374000
0.383828967810000
0.382185459137000
0.380525261164000
0.378846675158000
0.377131938934000
0.375484734774000
0.373782008886000
0.372089624405000
0.370306193829000
0.368340075016000
0.366766810417000
0.364364176989000
0.362836837769000
0.360729962587000
0.358482778072000
0.356723576784000
0.351641178131000
0.351388901472000
0.348479241133000
0.344985455275000
0.341095447540000
0.336922824383000
0.333233296871000
0.330292701721000
0.327602803707000
0.330702602863000
0.380675047636000
0.466714471579000
0.492170572281000
0.484479755163000
0.483884453773000
0.489520370960000
0.496062576771000
0.499929100275000
0.499161958694000
0.495997101068000
0.494900733232000
0.494769185781000
0.495265215635000
0.495321482420000
0.496212124825000
0.497421562672000
0.496560722589000
0.493603825569000
0.490740299225000
0.488037526608000
0.484231621027000
0.480454087257000
0.476520836353000
0.472619563341000
0.469003111124000
0.465374976397000
0.462509274483000
0.459953457117000
0.457866519690000
0.456158697605000
0.455240726471000
0.454471290112000
0.454070985317000
0.453756034374000
0.453552335501000
0.453523725271000
0.453276127577000
0.452946335077000
0.452398598194000
0.451630711555000
0.450288236141000
0.448300421238000
0.445636719465000
0.442181199789000
0.437739372253000
0.431569874287000
0.424818098545000
0.419805347919000
0.416147589684000
0.412177860737000
0.390817880630000
0.377303749323000
0.368392318487000
0.363394200802000
0.358875691891000
0.364234954119000
0.367641210556000
0.371257334948000
0.374350726604000
0.377043634653000
0.378480583429000
0.438399225473000
0.429633527994000
0.419247716665000
0.406872451305000
0.399519085884000
0.387668877840000
0.386214107275000
0.389638960361000
0.392963171005000
0.395796298981000
0.398058414459000
0.399252295494000
0.399553179741000
0.399410158396000
0.398431837559000
0.396985203028000
0.395258247852000
0.393344163895000
0.391228705645000
0.389072567225000
0.386867970228000
0.384635597467000
0.382301390171000
0.379840523005000
0.377361953259000
0.374836146832000
0.372390002012000
0.369701236486000
0.366888105869000
0.363868415356000
0.360771000385000
0.357809633017000
0.354348480701000
0.350585222244000
0.346388608217000
0.342850506306000
0.340072810650000
0.338938206434000
0.342941254377000
0.355327725410000
0.493805348873000
0.563253343105000
0.588577330112000
0.592210054398000
0.594785928726000
0.598828017712000
0.603894591331000
0.606826841831000
0.606643080711000
0.605430603027000
0.604951977730000
0.605067551136000
0.605699539185000
0.606242597103000
0.607285678387000
0.607109785080000
0.605709969997000
0.602907657623000
0.599908769131000
0.597111821175000
0.593987464905000
0.590820968151000
0.587657332420000
0.584588944912000
0.582166254520000
0.579653322697000
0.577569007874000
0.575743198395000
0.574104726315000
0.572983741760000
0.571581184864000
0.570150375366000
0.568696022034000
0.566976964474000
0.565247535706000
0.563168764114000
0.560739755630000
0.557969510555000
0.554764568806000
0.551273524761000
0.547196984291000
0.542560577393000
0.537172377110000
0.531009674072000
0.523925542831000
0.516796171665000
0.510134220123000
0.504530787468000
0.498922258615000
0.489782273769000
0.480111271143000
0.473402619362000
0.469173133373000
0.465941727161000
0.463074684143000
0.461114466190000
0.458505094051000
0.455475151539000
0.451288282871000
0.445417881012000
0.438379794359000
0.508058667183000
0.498023778200000
0.488971263170000
0.476668804884000
0.461894124746000
0.450555175543000
0.446243464947000
0.442141979933000
0.438328325748000
0.433625161648000
0.426664531231000
0.414627790451000
0.406950592995000
0.403979361057000
0.404363393784000
0.404264777899000
0.403544485569000
0.402218043804000
0.400324344635000
0.398331046104000
0.395990222692000
0.393564671278000
0.390984296799000
0.388363450766000
0.385673463345000
0.383023679256000
0.380268037319000
0.377408534288000
0.374465763569000
0.371373921633000
0.368345618248000
0.365351200104000
0.362158089876000
0.358907967806000
0.355437487364000
0.353221654892000
0.351874291897000
0.354044944048000
0.401407539845000
0.493411630392000
0.611998438835000
0.665868580341000
0.690930008888000
0.699804544449000
0.703568398952000
0.708450078964000
0.712564408779000
0.715300977230000
0.716079950333000
0.715545296669000
0.715825080872000
0.716120541096000
0.716723978519000
0.717470169067000
0.717566370964000
0.716931700706000
0.715293586254000
0.712832629681000
0.710273504257000
0.707531571388000
0.704822003841000
0.702116966248000
0.699517071247000
0.697262465954000
0.694941580296000
0.693028926849000
0.691093921661000
0.689288616180000
0.687708497047000
0.685657143593000
0.683678090572000
0.681182682514000
0.678444981575000
0.675561010838000
0.672008991241000
0.668260633945000
0.663925051689000
0.659273982048000
0.654390573502000
0.648923516273000
0.642983257771000
0.636540234089000
0.629690706730000
0.622581958771000
0.615047514439000
0.607897698879000
0.601380050182000
0.595652461052000
0.589594125748000
0.582193195820000
0.576402008533000
0.571904182434000
0.567761361599000
0.563115298748000
0.557360351086000
0.551025450230000
0.543867886066000
0.536147177219000
0.527616858482000
0.517991185188000
0.508010208607000
0.589452743530000
0.579470872879000
0.569628775120000
0.558901846409000
0.552049994469000
0.542602419853000
0.533626675606000
0.522999465466000
0.511558890343000
0.497693866491000
0.484726577997000
0.473209381104000
0.452524960041000
0.426472604275000
0.408899068832000
0.403622090816000
0.404276281595000
0.404462695122000
0.404020905495000
0.403035342693000
0.401723206043000
0.399854153395000
0.397436231375000
0.395043373108000
0.392466157675000
0.390153735876000
0.387632578611000
0.384965211153000
0.382327407598000
0.379525840282000
0.376997709274000
0.374525010586000
0.371921569109000
0.369349271059000
0.366802364588000
0.366492182016000
0.367651373148000
0.375819057226000
0.483029425144000
0.765718996525000
0.733298361301000
0.772402942181000
0.795588672161000
0.807050466537000
0.813059329987000
0.819575369358000
0.822050333023000
0.824473798275000
0.825560569763000
0.825887858868000
0.827846527100000
0.827102184296000
0.827393591404000
0.827766656876000
0.827492892742000
0.827941775322000
0.825166225433000
0.822874307632000
0.820404231548000
0.818006575108000
0.816865921021000
0.813343763351000
0.810903131962000
0.808702468872000
0.806639850140000
0.805991888046000
0.802676558495000
0.800436794758000
0.798180401325000
0.795516729355000
0.793962061405000
0.789275169373000
0.785425066948000
0.781217217445000
0.776416838169000
0.772654652596000
0.765950977802000
0.760043919086000
0.753805339336000
0.747143328190000
0.741399049759000
0.733157336712000
0.725678145885000
0.718155562878000
0.710716247559000
0.704008758068000
0.697793304920000
0.691859126091000
0.685946524143000
0.680130481720000
0.675182402134000
0.670439004898000
0.664963126183000
0.658258616924000
0.650286197662000
0.641405045986000
0.631793498993000
0.621517002583000
0.610830068588000
0.599266171455000
0.589424133301000
0.681879460812000
0.672043442726000
0.662748873234000
0.653626978397000
0.645740032196000
0.635853827000000
0.624105572701000
0.610484123230000
0.595777511597000
0.580125212669000
0.565201461315000
0.550889790058000
0.534452378750000
0.518737077713000
0.503707230091000
0.493422716856000
0.478331744671000
0.460843175650000
0.437197208405000
0.423198789358000
0.406368643045000
0.402176231146000
0.400615572929000
0.399175047874000
0.397292137146000
0.395718574524000
0.393863111734000
0.391711771488000
0.389660835266000
0.387616753578000
0.385667026043000
0.384057104588000
0.382512271404000
0.380256444216000
0.377916425467000
0.378945320845000
0.403218716383000
0.578215122223000
0.759509384632000
0.822844505310000
0.855238616467000
0.883568942547000
0.904528319836000
0.915996015072000
0.923090577126000
0.929529666901000
0.932458639145000
0.934369444847000
0.935776591301000
0.936694681644000
0.938149988651000
0.938102900982000
0.937851428986000
0.937952518463000
0.937670290470000
0.937507092953000
0.935595631599000
0.933135867119000
0.930999994278000
0.928827524185000
0.927182614803000
0.924555718899000
0.921788632870000
0.919605314732000
0.917261183262000
0.915606796741000
0.912735760212000
0.909654855728000
0.906253635883000
0.903441786766000
0.900237917900000
0.895625054836000
0.890829145908000
0.884483456612000
0.880351364613000
0.874822676182000
0.868214249611000
0.861667394638000
0.853207945824000
0.847925782204000
0.841020584106000
0.833378076553000
0.825904428959000
0.817566812038000
0.811630606651000
0.804762542248000
0.798552930355000
0.792758345604000
0.787149012089000
0.781554520130000
0.776110470295000
0.770275712013000
0.763576984406000
0.755563974380000
0.746130406857000
0.735986828804000
0.725257277489000
0.714204192162000
0.703080177307000
0.691956877708000
0.681812465191000
0.784276485443000
0.774978458881000
0.766069650650000
0.757380425930000
0.748935997486000
0.736753523350000
0.723362386227000
0.708785116673000
0.693973600864000
0.678390204906000
0.665099740028000
0.651902496815000
0.639924108982000
0.627405405045000
0.614940226078000
0.591585516930000
0.569359600544000
0.548486530781000
0.527945518494000
0.506723582745000
0.445695489645000
0.411413997412000
0.401312440634000
0.399316906929000
0.398352742195000
0.397937148809000
0.397244393826000
0.396061331034000
0.394770324230000
0.393542915583000
0.392056971788000
0.391387462616000
0.391488283873000
0.391719609499000
0.390308320522000
0.395861774683000
0.464474260807000
0.908299207687000
0.991090536118000
0.882993757725000
0.981630146503000
0.999176502228000
1.01400697231000
1.02572572231000
1.03289127350000
1.03913903236000
1.04236590862000
1.04394829273000
1.04568374157000
1.04665982723000
1.04787719250000
1.04821479321000
1.04769897461000
1.04796218872000
1.04733300209000
1.04662990570000
1.04523205757000
1.04285705090000
1.04110372066000
1.03883481026000
1.03685057163000
1.03466153145000
1.03172087669000
1.02963161469000
1.02694153786000
1.02447557449000
1.02175080776000
1.01813828945000
1.01503610611000
1.01091980934000
1.00642812252000
1.00199043751000
0.996590495110000
0.991305768490000
0.985106706619000
0.978317618370000
0.972201466560000
0.965236186981000
0.958424448967000
0.951123297215000
0.943468451500000
0.936769187450000
0.929354190826000
0.922608315945000
0.915759027004000
0.908886969090000
0.903372764587000
0.897624731064000
0.891953349113000
0.886142432690000
0.880163908005000
0.873279273510000
0.865454792976000
0.856653153896000
0.846963405609000
0.836282014847000
0.825518846512000
0.814644753933000
0.804036796093000
0.793600320816000
0.784211993217000
0.895227730274000
0.886599659920000
0.877872228622000
0.869233250618000
0.859841704369000
0.848466098309000
0.836240112782000
0.822511076927000
0.808872163296000
0.795746624470000
0.783263206482000
0.771670758724000
0.760216176510000
0.748318731785000
0.733422100544000
0.715240538120000
0.696434676647000
0.677298784256000
0.658845782280000
0.641989886761000
0.625666022301000
0.609908521175000
0.587500631809000
0.560054481030000
0.524880170822000
0.490730047226000
0.434361636639000
0.415169090033000
0.405117988586000
0.400975972414000
0.399946957827000
0.404350161552000
0.422486186028000
0.499706268311000
0.667571425438000
0.914750277996000
1.04491031170000
1.12672662735000
1.08663237095000
1.08757412434000
1.09917938709000
1.11418223381000
1.12678599358000
1.13550162315000
1.14302241802000
1.14875113964000
1.15126466751000
1.15374863148000
1.15451192856000
1.15561401844000
1.15751326084000
1.15708839893000
1.15742468834000
1.15679812431000
1.15618085861000
1.15578639507000
1.15377390385000
1.15242826939000
1.15007400513000
1.14793002605000
1.14634490013000
1.14344906807000
1.14131605625000
1.13843214512000
1.13557159901000
1.13306903839000
1.12948012352000
1.12644958496000
1.12235438824000
1.11793076992000
1.11298763752000
1.10789310932000
1.10322940350000
1.09711253643000
1.09075438976000
1.08358025551000
1.07715582848000
1.07129025459000
1.06391716003000
1.05669891834000
1.04917967319000
1.04246461391000
1.03655648232000
1.02951014042000
1.02297210693000
1.01672959328000
1.01164925098000
1.00601255894000
1.00013160706000
0.994181513786000
0.987819135189000
0.980757832527000
0.972699999809000
0.963770568371000
0.954383730888000
0.944095432758000
0.934034049511000
0.923648178577000
0.913664877415000
0.904322683811000
0.895141899586000
1.01575672626000
1.00665640831000
0.998380124569000
0.990049123764000
0.981945991516000
0.972628176212000
0.959029257298000
0.947906434536000
0.937037229538000
0.927328348160000
0.916623592377000
0.906241953373000
0.896601200104000
0.885937452316000
0.872926175594000
0.858442008495000
0.844004333019000
0.830857694149000
0.819669902325000
0.810153365135000
0.798814415932000
0.782984495163000
0.761922955513000
0.741434693336000
0.721160292625000
0.699666321278000
0.670056760311000
0.662283718586000
0.663391411304000
0.672855019569000
0.702015876770000
0.749682784081000
0.831590950489000
0.963257014751000
1.10852372646000
1.24520099163000
1.25947499275000
1.24463355541000
1.21232044697000
1.21003293991000
1.21909868717000
1.22733521461000
1.23318731785000
1.24678683281000
1.25394988060000
1.25863814354000
1.26110708714000
1.26300752163000
1.26390433311000
1.26483416557000
1.26925444603000
1.26662802696000
1.26656162739000
1.26614630222000
1.26500606537000
1.26726067066000
1.26314055920000
1.26156032085000
1.25950670242000
1.25715470314000
1.25789356232000
1.25281667709000
1.25035119057000
1.24760031700000
1.24398350716000
1.24400496483000
1.23751103878000
1.23385822773000
1.22982513905000
1.22480380535000
1.22339427471000
1.21465480328000
1.20949745178000
1.20383143425000
1.19747841358000
1.19471740723000
1.18447697163000
1.17851877213000
1.17438125610000
1.16521143913000
1.16226303577000
1.15234482288000
1.14680564404000
1.14216709137000
1.13456380367000
1.12879264355000
1.12364208698000
1.11816823483000
1.11208689213000
1.10618984699000
1.10068821907000
1.09214818478000
1.08439028263000
1.07605087757000
1.06820631027000
1.05957078934000
1.04888796806000
1.03976392746000
1.03094232082000
1.02312707901000
1.01439285278000
1.14044630527000
1.13352036476000
1.12568795681000
1.11967825890000
1.11128342152000
1.10305130482000
1.09411036968000
1.08406662941000
1.07616090775000
1.06749320030000
1.05921900272000
1.05241370201000
1.04488503933000
1.03674173355000
1.02707982063000
1.01789903641000
1.00928020477000
1.00212013721000
0.997003793716000
0.993519425392000
0.986146986485000
0.976644933224000
0.965801417828000
0.958348929882000
0.953679919243000
0.957681834698000
0.969826161861000
0.989444553852000
1.01181042194000
1.04659092426000
1.09588944912000
1.16674935818000
1.25915896893000
1.33997964859000
1.38269591331000
1.38823533058000
1.38975369930000
1.36701774597000
1.34220218658000
1.33259081841000
1.33661937714000
1.34261393547000
1.34960722923000
1.35740113258000
1.36313557625000
1.36756896973000
1.37021291256000
1.37189471722000
1.37303912640000
1.37359225750000
1.37763214111000
1.37523305416000
1.37512743473000
1.37489855289000
1.37330937386000
1.37560045719000
1.37171471119000
1.37027490139000
1.36864411831000
1.36579620838000
1.36643838882000
1.36118495464000
1.35873198509000
1.35655117035000
1.35164165497000
1.35244965553000
1.34456706047000
1.34067285061000
1.33947062492000
1.33133339882000
1.33221054077000
1.32125818729000
1.31605184078000
1.31534230709000
1.30511486530000
1.30506825447000
1.29309093952000
1.28750967979000
1.28583896160000
1.27623081207000
1.27496445179000
1.26495039463000
1.26022267342000
1.25590705872000
1.24966442585000
1.24429488182000
1.23877644539000
1.23251640797000
1.22719955444000
1.22100555897000
1.21569311619000
1.20918619633000
1.20144557953000
1.19484591484000
1.18652188778000
1.17853629589000
1.17058491707000
1.16196227074000
1.15512883663000
1.14720356464000
1.13965666294000
1.26909852028000
1.26348376274000
1.25879657269000
1.25253236294000
1.24637544155000
1.23893189430000
1.23222279549000
1.22725450993000
1.21970355511000
1.21425962448000
1.20965826511000
1.20637476444000
1.20170223713000
1.19703984261000
1.19237661362000
1.18741190434000
1.18456602097000
1.18279671669000
1.18307578564000
1.18413174152000
1.18347716331000
1.18304216862000
1.18378639221000
1.18960571289000
1.20173346996000
1.22220778465000
1.24904096127000
1.28046977520000
1.31368434429000
1.35513520241000
1.40585279465000
1.46323251724000
1.52117884159000
1.55001246929000
1.53953588009000
1.52586746216000
1.50921964645000
1.48491489887000
1.46208155155000
1.45151221752000
1.45270264149000
1.45551574230000
1.46109950542000
1.46654033661000
1.47160017490000
1.47550201416000
1.47411704063000
1.47918331623000
1.48009884357000
1.48003411293000
1.48459541798000
1.48451423645000
1.48402118683000
1.48261511326000
1.48096549511000
1.48268949986000
1.48118460178000
1.47937726974000
1.47674024105000
1.47382843494000
1.47394084930000
1.47131001949000
1.46845030785000
1.46493422985000
1.46133363247000
1.46021389961000
1.45662724972000
1.45274984837000
1.44823658466000
1.44349157810000
1.44075298309000
1.43597459793000
1.43099391460000
1.42541265488000
1.41953492165000
1.41547918320000
1.40985882282000
1.40429532528000
1.39822888374000
1.39199376106000
1.38798797131000
1.38231027126000
1.37685835361000
1.37095093727000
1.36503899097000
1.36025500298000
1.35550177097000
1.34993028641000
1.34473574162000
1.33932828903000
1.33356189728000
1.32757771015000
1.32207345963000
1.31513047218000
1.30835580826000
1.30105721951000
1.29408800602000
1.28852438927000
1.28156161308000
1.27522575855000
1.26936852932000
1.40422916412000
1.40019536018000
1.39640748501000
1.39272797108000
1.38797891140000
1.38261139393000
1.37940609455000
1.37622189522000
1.37316334248000
1.36977207661000
1.36720311642000
1.36606216431000
1.36440920830000
1.36189281940000
1.36234259605000
1.36368441582000
1.36387217045000
1.36635839939000
1.37094676495000
1.37766110897000
1.38449299335000
1.39046573639000
1.40095245838000
1.41644906998000
1.43944716454000
1.46798598766000
1.49814200401000
1.52836823463000
1.56008493900000
1.59951055050000
1.63685131073000
1.66930305958000
1.68563187122000
1.67978215218000
1.64656758308000
1.63460874557000
1.61410880089000
1.59670305252000
1.57638823986000
1.56818497181000
1.56794893742000
1.56848037243000
1.57051789761000
1.57542288303000
1.57934987545000
1.58211934566000
1.58421289921000
1.58549857140000
1.58645784855000
1.58656072617000
1.58986711502000
1.59030175209000
1.59004700184000
1.58873105049000
1.58725583553000
1.58825659752000
1.58730137348000
1.58577239513000
1.58329844475000
1.58070147038000
1.58013343811000
1.57809150219000
1.57555294037000
1.57213783264000
1.56872606277000
1.56703197956000
1.56414198875000
1.56069552898000
1.55630493164000
1.55181658268000
1.54875814915000
1.54481935501000
1.54041457176000
1.53513991833000
1.52975428104000
1.52568483353000
1.52098858356000
1.51608359814000
1.51052772999000
1.50495755672000
1.50106060505000
1.49633657932000
1.49156534672000
1.48625135422000
1.48095631599000
1.47652184963000
1.47286999226000
1.46917653084000
1.46485853195000
1.46002018452000
1.45504462719000
1.45048844814000
1.44562470913000
1.44051814079000
1.43473064899000
1.42863011360000
1.42361831665000
1.41892588139000
1.41408252716000
1.40887308121000
1.40410852432000
1.53968000412000
1.53705811501000
1.53426063061000
1.53202342987000
1.52993416786000
1.52714896202000
1.52584874630000
1.52398312092000
1.52282357216000
1.52238535881000
1.52238440514000
1.52378165722000
1.52524816990000
1.52569651604000
1.53063189983000
1.53513324261000
1.54022634029000
1.54495620728000
1.55476748943000
1.56293845177000
1.57314169407000
1.58652222157000
1.59984135628000
1.61797809601000
1.64305245876000
1.67028939724000
1.69802713394000
1.72577238083000
1.75229513645000
1.77896535397000
1.80079579353000
1.81625437737000
1.81901383400000
1.80328643322000
1.77547645569000
1.74961006641000
1.72808182240000
1.70952332020000
1.69071054459000
1.68039512634000
1.67849349976000
1.67759704590000
1.67869079113000
1.68275833130000
1.68534970284000
1.68791925907000
1.68778097630000
1.69088494778000
1.69174444675000
1.69177007675000
1.69420731068000
1.69467484951000
1.69465839863000
1.69415986538000
1.69248652458000
1.69304990768000
1.69216728210000
1.69091665745000
1.68929195404000
1.68660247326000
1.68575811386000
1.68383061886000
1.68161320686000
1.67909371853000
1.67554450035000
1.67364299297000
1.67097628117000
1.66796064377000
1.66457939148000
1.66004729271000
1.65696263313000
1.65339040756000
1.64956152439000
1.64545357227000
1.64023983479000
1.63642919064000
1.63217818737000
1.62793183327000
1.62366390228000
1.61846208572000
1.61494731903000
1.61068487167000
1.60659432411000
1.60264885426000
1.59778821468000
1.59362959862000
1.59107565880000
1.58910572529000
1.58563840389000
1.58165931702000
1.57762396336000
1.57410323620000
1.56992471218000
1.56570339203000
1.56169474125000
1.55706858635000
1.55350375175000
1.54952883720000
1.54619860649000
1.54262745380000
1.53947234154000
1.67285394669000
1.67145431042000
1.67045617104000
1.66970217228000
1.66899955273000
1.66811883450000
1.66830372810000
1.66874825954000
1.66970062256000
1.67104208469000
1.67322301865000
1.67602050304000
1.67984330654000
1.68330097198000
1.69035267830000
1.69774806499000
1.70424699783000
1.71165990829000
1.72340500355000
1.73434472084000
1.74711108208000
1.75981926918000
1.77623426914000
1.79657280445000
1.81942558289000
1.84359765053000
1.86556255817000
1.88611018658000
1.90450632572000
1.91879069805000
1.92855370045000
1.93037855625000
1.92257356644000
1.90361940861000
1.87933528423000
1.85327124596000
1.83263099194000
1.81567251682000
1.79907405376000
1.78935873508000
1.78618693352000
1.78494882584000
1.78474891186000
1.78751993179000
1.78961157799000
1.79163110256000
1.79085910320000
1.79471600056000
1.79565203190000
1.79619181156000
1.79639422894000
1.79691791534000
1.79679274559000
1.79718816280000
1.79693520069000
1.79468429089000
1.79503703117000
1.79370284081000
1.79300248623000
1.79176151752000
1.78884613514000
1.78783869743000
1.78557837009000
1.78403437138000
1.78202021122000
1.77866649628000
1.77631843090000
1.77337038517000
1.77108967304000
1.76827263832000
1.76371634007000
1.76050233841000
1.75682973862000
1.75393283367000
1.75058329105000
1.74561285973000
1.74184632301000
1.73776757717000
1.73475217819000
1.73153841496000
1.72718036175000
1.72366178036000
1.71979808807000
1.71720039845000
1.71456718445000
1.71062552929000
1.71082735062000
1.70824241638000
1.70541453362000
1.70226788521000
1.69885754585000
1.69627296925000
1.69349420071000
1.69031012058000
1.68737792969000
1.68379271030000
1.68141508102000
1.67905890942000
1.67696869373000
1.67465806007000
1.67264389992000
1.80730211735000
1.80465185642000
1.80527591705000
1.80570924282000
1.80590605736000
1.80965149403000
1.80851340294000
1.81082725525000
1.81311547756000
1.81586849689000
1.82308483124000
1.82435154915000
1.82962954044000
1.83574831486000
1.84286582470000
1.85507583618000
1.85973060131000
1.86916089058000
1.88038802147000
1.89286768436000
1.90694057941000
1.91874170303000
1.93431186676000
1.95102822781000
1.96931111813000
1.98928499222000
2.00400495529000
2.01795554161000
2.02874398232000
2.03355526924000
2.03738427162000
2.03035974503000
2.01849675179000
1.99887812138000
1.97711813450000
1.95361173153000
1.93584251404000
1.91637849808000
1.90385687351000
1.89466571808000
1.89138627052000
1.88965010643000
1.88932108879000
1.89068341255000
1.89146304131000
1.89550197124000
1.89689958096000
1.89807605743000
1.89836645126000
1.89764630795000
1.89878821373000
1.89966714382000
1.89996755123000
1.90001821518000
1.89981830120000
1.89903950691000
1.89643096924000
1.89778888226000
1.89679253101000
1.89565479755000
1.89404761791000
1.89085781574000
1.89095032215000
1.88914477825000
1.88727223873000
1.88500249386000
1.88104200363000
1.88080227375000
1.87835526466000
1.87578117847000
1.87274420261000
1.86771047115000
1.86739861965000
1.86451601982000
1.86159980297000
1.85830461979000
1.85309231281000
1.85218489170000
1.84930920601000
1.84666717052000
1.84390103817000
1.83935153484000
1.83800601959000
1.83549964428000
1.83340430260000
1.83134865761000
1.82841396332000
1.82723915577000
1.82489621639000
1.82195270061000
1.81999123096000
1.81806826591000
1.81659829617000
1.81457352638000
1.81200230122000
1.81235885620000
1.80860412121000
1.80778300762000
1.80656206608000
1.80516302586000
1.80437242985000
1.93564832211000
1.93666446209000
1.93912971020000
1.93789696693000
1.93934214115000
1.94241774082000
1.94653856754000
1.95097649097000
1.94977772236000
1.95338845253000
1.95946359634000
1.96726942062000
1.97420406342000
1.97448968887000
1.98807835579000
1.99182319641000
2.00570130348000
2.01635479927000
2.01678752899000
2.03784060478000
2.05306339264000
2.06210279465000
2.07752656937000
2.07677078247000
2.09327030182000
2.10810351372000
2.11844468117000
2.12617993355000
2.12606000900000
2.13251709938000
2.13071799278000
2.12137484550000
2.10930943489000
2.08667635918000
2.07341313362000
2.05142569542000
2.03439426422000
2.01806449890000
2.00633645058000
1.99767649174000
1.99425160885000
1.99137234688000
1.99056184292000
1.99095344543000
1.99009490013000
1.99597525597000
1.99649345875000
1.99773037434000
1.99874615669000
1.99877023697000
1.99932193756000
2.00033545494000
2.00067472458000
2.00085973740000
2.00089049339000
2.00024652481000
1.99935424328000
1.99952280521000
1.99874556065000
1.99792504311000
1.99653756618000
1.99509489536000
1.99423730373000
1.99271774292000
1.99123156071000
1.98924863338000
1.98739004135000
1.98636817932000
1.98432314396000
1.98225474358000
1.97962081432000
1.97674942017000
1.97604072094000
1.97372257710000
1.97147905827000
1.96875000000000
1.96497130394000
1.96447789669000
1.96224832535000
1.96036553383000
1.95824754238000
1.95448708534000
1.95417225361000
1.95229971409000
1.95095562935000
1.94953596592000
1.94622600079000
1.94486248493000
1.94337201118000
1.94157040119000
1.93983685970000
1.93914198875000
1.93915998936000
1.93745934963000
1.93623530865000
1.93617796898000
1.93496561050000
1.93586587906000
1.93419241905000
1.93406975269000
1.93518757820000
2.05684661865000
2.06745767593000
2.06043863297000
2.06172394753000
2.06319785118000
2.06693768501000
2.08241844177000
2.07391142845000
2.07677221298000
2.08002591133000
2.08634209633000
2.10572266579000
2.09747886658000
2.10270977020000
2.10869312286000
2.11806631088000
2.14268970490000
2.13398027420000
2.14202594757000
2.15181517601000
2.16162681580000
2.19035148621000
2.17850494385000
2.18778300285000
2.20498108864000
2.21450424194000
2.22173190117000
2.22560262680000
2.22738909721000
2.22480821609000
2.21852850914000
2.20944499969000
2.19687843323000
2.18139505386000
2.16453433037000
2.14502167702000
2.12975144386000
2.11505532265000
2.10500264168000
2.09648180008000
2.09292674065000
2.09003996849000
2.08852982521000
2.08819532394000
2.08951425552000
2.09234666824000
2.09339213371000
2.09393525124000
2.09501147270000
2.09524536133000
2.09594583511000
2.09655094147000
2.09774446487000
2.09810400009000
2.09811210632000
2.09776616096000
2.09697604179000
2.09768915176000
2.09720230103000
2.09647488594000
2.09549951553000
2.09413719177000
2.09396290779000
2.09282708168000
2.09152579308000
2.09004783630000
2.08825111389000
2.08773589134000
2.08615779877000
2.08435416222000
2.08230876923000
2.07987213135000
2.07929801941000
2.07743072510000
2.07542824745000
2.07327342033000
2.07072639465000
2.06987667084000
2.06805634499000
2.06636190414000
2.06478095055000
2.06303501129000
2.06188559532000
2.06042718887000
2.05926513672000
2.05839323997000
2.05762505531000
2.05695867538000
2.05594372749000
2.05499625206000
2.05411124229000
2.05966305733000
2.05487155914000
2.05401372910000
2.05298686028000
2.05375123024000
2.06049561501000
2.05459761620000
2.05455183983000
2.05454468727000
2.05574989319000
2.17089676857000
2.17309546471000
2.17562007904000
2.17709040642000
2.17880678177000
2.18321061134000
2.18688106537000
2.19090485573000
2.19389081001000
2.19716262817000
2.20372009277000
2.20913076401000
2.21485400200000
2.21971082687000
2.22558498383000
2.23380517960000
2.24114441872000
2.24856424332000
2.25525379181000
2.26381158829000
2.27194857597000
2.28309965134000
2.28737354279000
2.29210901260000
2.30115342140000
2.30875420570000
2.31329917908000
2.31512522697000
2.31310725212000
2.31018924713000
2.30099391937000
2.29267883301000
2.28182172775000
2.26679253578000
2.25215530396000
2.23539996147000
2.22055721283000
2.20948410034000
2.19988012314000
2.19146251678000
2.18786478043000
2.19242095947000
2.18319845200000
2.18191981316000
2.18271374702000
2.18527269363000
2.18628191948000
2.18732047081000
2.18782687187000
2.18814373016000
2.18908190727000
2.18973088264000
2.19132566452000
2.19139027596000
2.19158267975000
2.19160056114000
2.19101047516000
2.19219470024000
2.19151115417000
2.19106769562000
2.19055843353000
2.18949961662000
2.18983507156000
2.18857455254000
2.18763685226000
2.18670797348000
2.18530297279000
2.18528127670000
2.18366479874000
2.18232393265000
2.18093156815000
2.17898821831000
2.17890667915000
2.17707467079000
2.17560791969000
2.17418336868000
2.17220187187000
2.17186450958000
2.17010045052000
2.16896247864000
2.16813683510000
2.16696929932000
2.16635870934000
2.16495585442000
2.16434764862000
2.16423273087000
2.16401743889000
2.16384911537000
2.16300964355000
2.16275835037000
2.16277718544000
2.16192436218000
2.16471195221000
2.16413617134000
2.16349244118000
2.16507816315000
2.16600775719000
2.16727209091000
2.16752743721000
2.16787123680000
2.17008304596000
2.27758932114000
2.27982020378000
2.28216791153000
2.28464484215000
2.28664040565000
2.29102015495000
2.29446434975000
2.29804491997000
2.30178284645000
2.30526757240000
2.31137394905000
2.31620240211000
2.32112002373000
2.32615828514000
2.33145928383000
2.33881306648000
2.34503507614000
2.35111117363000
2.35708403587000
2.36391067505000
2.37111353874000
2.38061952591000
2.38347053528000
2.38873314857000
2.39172077179000
2.39260077477000
2.39143610001000
2.39425230026000
2.38975000381000
2.38468837738000
2.37599873543000
2.37028765678000
2.36172890663000
2.34908580780000
2.33674120903000
2.32183504105000
2.30858373642000
2.29840946198000
2.28999590874000
2.28277158737000
2.27896094322000
2.27609038353000
2.27379345894000
2.27289319038000
2.27251052856000
2.27457642555000
2.27572584152000
2.27672815323000
2.27730560303000
2.27799558640000
2.27875447273000
2.27944731712000
2.28101301193000
2.28157424927000
2.28195166588000
2.28191614151000
2.28152608871000
2.28272366524000
2.28263163567000
2.28247237206000
2.28200864792000
2.28125357628000
2.28162002563000
2.28101229668000
2.28043794632000
2.27963232994000
2.27861881256000
2.27859020233000
2.27767539024000
2.27679705620000
2.27562427521000
2.27417421341000
2.27402758598000
2.27295923233000
2.27202868462000
2.27089214325000
2.26947569847000
2.26903772354000
2.26806116104000
2.26748108864000
2.26695680618000
2.26636767387000
2.26562643051000
2.26501893997000
2.26496744156000
2.26514291763000
2.26548051834000
2.26508855820000
2.26502251625000
2.26547122002000
2.26591587067000
2.26594328880000
2.26783347130000
2.26844739914000
2.26821470261000
2.26995778084000
2.27109122276000
2.27235817909000
2.27376341820000
2.27451920509000
2.27723979950000
2.37754654884000
2.37939333916000
2.38156723976000
2.38406896591000
2.38632369041000
2.39100551605000
2.39379358292000
2.39693784714000
2.40043377876000
2.40382099152000
2.40995669365000
2.41376209259000
2.41788530350000
2.42231464386000
2.42676496506000
2.43374514580000
2.43840575218000
2.44315361977000
2.44796919823000
2.45278668404000
2.45912146568000
2.46698236465000
2.46839904785000
2.47263908386000
2.47494506836000
2.47069382668000
2.47137928009000
2.47069835663000
2.46753954887000
2.46373701096000
2.45552325249000
2.44868040085000
2.43956637383000
2.42737746239000
2.41771411896000
2.40334367752000
2.39370942116000
2.38386440277000
2.37667393684000
2.36921596527000
2.36499691010000
2.36266350746000
2.36088132858000
2.35985565186000
2.35939812660000
2.36078333855000
2.36172175407000
2.36269021034000
2.36368703842000
2.36414361000000
2.36496353149000
2.36570024490000
2.36719107628000
2.36826992035000
2.36856269836000
2.36871242523000
2.36852240562000
2.36968660355000
2.37021732330000
2.37002778053000
2.36984968185000
2.36939835548000
2.36974740028000
2.36983108521000
2.36926031113000
2.36882042885000
2.36819839478000
2.36811304092000
2.36792373657000
2.36709403992000
2.36638665199000
2.36542987823000
2.36516809464000
2.36485671997000
2.36399650574000
2.36339902878000
2.36254787445000
2.36195898056000
2.36176800728000
2.36120510101000
2.36124038696000
2.36122965813000
2.36030793190000
2.36048793793000
2.36039090157000
2.36112356186000
2.36201429367000
2.36134958267000
2.36202025414000
2.36238360405000
2.36352705956000
2.36415958405000
2.36544895172000
2.36637639999000
2.36680078506000
2.36899232864000
2.36992788315000
2.37119793892000
2.37280607224000
2.37410187721000
2.37722039223000
2.47029256821000
2.47151446342000
2.47282743454000
2.47540402412000
2.47807884216000
2.48250031471000
2.48474764824000
2.48673677444000
2.48999595642000
2.49338603020000
2.49878406525000
2.50200223923000
2.50470972061000
2.50860714912000
2.51260304451000
2.51885461807000
2.52254271507000
2.52547168732000
2.52929377556000
2.53299331665000
2.53929686546000
2.53713059425000
2.53938889503000
2.54119896889000
2.54262065887000
2.54360008240000
2.54357552528000
2.54454159737000
2.54023194313000
2.53553009033000
2.52734184265000
2.52117943764000
2.51427793503000
2.50429701805000
2.49389195442000
2.48116207123000
2.47269916534000
2.46471047401000
2.45861005783000
2.45194292068000
2.44819808006000
2.44485616684000
2.44239473343000
2.44186353683000
2.44220924377000
2.44347548485000
2.44416689873000
2.44467449188000
2.44605994225000
2.44726443291000
2.44805335999000
2.44926428795000
2.44991922379000
2.45121645927000
2.45209598541000
2.45233559608000
2.45299315453000
2.45314431190000
2.45399403572000
2.45447492599000
2.45443129539000
2.45458102226000
2.45428013802000
2.45474576950000
2.45489764214000
2.45462656021000
2.45448994637000
2.45391511917000
2.45413494110000
2.45405459404000
2.45357847214000
2.45316481590000
2.45239400864000
2.45251703262000
2.45242190361000
2.45206999779000
2.45148921013000
2.45069503784000
2.45096039772000
2.45115494728000
2.45136046410000
2.45098924637000
2.45047163963000
2.45110273361000
2.45173478127000
2.45255303383000
2.45273447037000
2.45270109177000
2.45376658440000
2.45476889610000
2.45599651337000
2.45611405373000
2.45638132095000
2.45777130127000
2.45911407471000
2.46154856682000
2.46211862564000
2.46270155907000
2.46456170082000
2.46652698517000
2.47011184692000
2.55587768555000
2.55737709999000
2.55904173851000
2.56119513512000
2.56384372711000
2.56665802002000
2.57103562355000
2.57012343407000
2.57273912430000
2.57587099075000
2.57920336723000
2.58477878571000
2.58312940598000
2.58593726158000
2.58920812607000
2.59265089035000
2.59886932373000
2.59609150887000
2.59825801849000
2.60063433647000
2.60296607018000
2.60855126381000
2.60887670517000
2.61030864716000
2.61130690575000
2.61178708076000
2.61119651794000
2.61038064957000
2.60854911804000
2.60330605507000
2.59695863724000
2.59000396729000
2.58416604996000
2.57740712166000
2.56748032570000
2.55658054352000
2.54779434204000
2.54126310349000
2.53409671783000
2.52941417694000
2.52724242210000
2.52403140068000
2.52221655846000
2.52139329910000
2.52133750916000
2.52292442322000
2.52377533913000
2.52450299263000
2.52541232109000
2.52650547028000
2.52747583389000
2.52826213837000
2.52991628647000
2.53085947037000
2.53174996376000
2.53228020668000
2.53238916397000
2.53381562233000
2.53440833092000
2.53499984741000
2.53528022766000
2.53528833389000
2.53593420982000
2.53619766235000
2.53651928902000
2.53658580780000
2.53656125069000
2.53670239449000
2.53674030304000
2.53685474396000
2.53672838211000
2.53655314445000
2.53640747070000
2.53636503220000
2.53648734093000
2.53645157814000
2.53650188446000
2.53595519066000
2.53606319427000
2.53648972511000
2.53690600395000
2.53777384758000
2.53682136536000
2.53727316856000
2.53812122345000
2.53903174400000
2.54071521759000
2.53982949257000
2.54065084457000
2.54180884361000
2.54296612740000
2.54518151283000
2.54429674149000
2.54546117783000
2.54698038101000
2.54851627350000
2.55044317245000
2.55025100708000
2.55188107491000
2.55401754379000
2.55632400513000
2.63373088837000
2.63507723808000
2.63653087616000
2.63853144646000
2.64108467102000
2.64374566078000
2.64702892303000
2.64390158653000
2.64609980583000
2.64886403084000
2.65177774429000
2.65536880493000
2.65130114555000
2.65327906609000
2.65575957298000
2.65836954117000
2.66177654266000
2.65705156326000
2.65799546242000
2.65917754173000
2.66028261185000
2.66146850586000
2.67343020439000
2.67454671860000
2.67514586449000
2.67533349991000
2.67400312424000
2.67275500298000
2.67046880722000
2.66475272179000
2.66179943085000
2.65442276001000
2.64995336533000
2.64608812332000
2.63780331612000
2.62695288658000
2.61827564240000
2.61333370209000
2.60883164406000
2.60403585434000
2.60093402863000
2.59760260582000
2.59573912621000
2.59498763084000
2.59523344040000
2.59868788719000
2.59945607185000
2.60003542900000
2.60086202621000
2.60193753242000
2.60282492638000
2.60391473770000
2.60557603836000
2.60658836365000
2.60761404037000
2.60821390152000
2.60856437683000
2.61007571220000
2.61083912849000
2.61166763306000
2.61211895943000
2.61231255531000
2.61305570602000
2.61354589462000
2.61416196823000
2.61445617676000
2.61456966400000
2.61478090286000
2.61507248878000
2.61550879478000
2.61563706398000
2.61560297012000
2.61547470093000
2.61571002007000
2.61617875099000
2.61642169952000
2.61656451225000
2.61597609520000
2.61636924744000
2.61714982986000
2.61785221100000
2.61863565445000
2.61755728722000
2.61826252937000
2.61943292618000
2.62059807777000
2.62202739716000
2.62089395523000
2.62190675735000
2.62332415581000
2.62467384338000
2.62633228302000
2.62494468689000
2.62624478340000
2.62796473503000
2.62963652611000
2.63158154488000
2.62984299660000
2.63153171539000
2.63378930092000
2.63615512848000
2.70096659660000
2.70202183723000
2.70285129547000
2.70395398140000
2.70546913147000
2.70740938187000
2.70972347260000
2.70978593826000
2.71113610268000
2.71292281151000
2.71516132355000
2.71780109406000
2.71762704849000
2.71921944618000
2.72120380402000
2.72359728813000
2.72643470764000
2.72576642036000
2.72728228569000
2.72895359993000
2.73079419136000
2.73287105560000
2.73307514191000
2.73372006416000
2.73400497437000
2.73392868042000
2.73348855972000
2.73283624649000
2.73083925247000
2.72858452797000
2.72171425819000
2.71820187569000
2.71387171745000
2.70891356468000
2.70156478882000
2.69193649292000
2.68591070175000
2.68072652817000
2.67660331726000
2.67187571526000
2.66915607452000
2.66611218452000
2.66387772560000
2.66302204132000
2.66333746910000
2.66483449936000
2.66751718521000
2.66605854034000
2.66701507568000
2.66808629036000
2.66928100586000
2.67062067986000
2.67184185982000
2.67284798622000
2.67373275757000
2.67450189590000
2.67504954338000
2.67654871941000
2.67721986771000
2.67782044411000
2.67835426331000
2.67865967751000
2.67974686623000
2.68011474609000
2.68047094345000
2.68081760406000
2.68099308014000
2.68176269531000
2.68193411827000
2.68211150169000
2.68229484558000
2.68231773376000
2.68288159370000
2.68294358253000
2.68309783936000
2.68334484100000
2.68348217010000
2.68377137184000
2.68386626244000
2.68420386314000
2.68478703499000
2.68540167809000
2.68547224998000
2.68575191498000
2.68634939194000
2.68726968765000
2.68834662437000
2.68850874901000
2.68902873993000
2.68980479240000
2.69084310532000
2.69204711914000
2.69244551659000
2.69312500954000
2.69407701492000
2.69530916214000
2.69664764404000
2.69699597359000
2.69781827927000
2.69906353951000
2.70074224472000
2.76370763779000
2.76454710960000
2.76539230347000
2.76585531235000
2.76693820953000
2.76835227013000
2.77014851570000
2.77061533928000
2.77121019363000
2.77243471146000
2.77401947975000
2.77599668503000
2.77633070946000
2.77709293365000
2.77847695351000
2.78018307686000
2.78231263161000
2.78229689598000
2.78301310539000
2.78426814079000
2.78561425209000
2.78730106354000
2.78803420067000
2.78800415993000
2.78793311119000
2.78743195534000
2.78674316406000
2.78716754913000
2.78472661972000
2.78230810165000
2.77670288086000
2.77357435226000
2.77006340027000
2.76572394371000
2.75993704796000
2.75153112411000
2.74584555626000
2.74135613441000
2.73774862289000
2.73422050476000
2.73171734810000
2.72884488106000
2.72692608833000
2.72569346428000
2.72603631020000
2.72746801376000
2.73017001152000
2.72899770737000
2.72955083847000
2.73066782951000
2.73181891441000
2.73319149017000
2.73468756676000
2.73541975021000
2.73637843132000
2.73713397980000
2.73775339127000
2.73957538605000
2.74003124237000
2.74072647095000
2.74126696587000
2.74166440964000
2.74310779572000
2.74329042435000
2.74376082420000
2.74413299561000
2.74441313744000
2.74554038048000
2.74553918839000
2.74584674835000
2.74607133865000
2.74621105194000
2.74712657928000
2.74701595306000
2.74729156494000
2.74756956100000
2.74780917168000
2.74845147133000
2.74834132195000
2.74875164032000
2.74931454659000
2.74997210503000
2.75039100647000
2.75040149689000
2.75099968910000
2.75182628632000
2.75286364555000
2.75334334373000
2.75352144241000
2.75423455238000
2.75511479378000
2.75620388985000
2.75689888000000
2.75717353821000
2.75797629356000
2.75896406174000
2.76010823250000
2.76075959206000
2.76107287407000
2.76201987267000
2.76330494881000
2.81987214088000
2.82039523125000
2.82102704048000
2.82176971436000
2.82227993011000
2.82325959206000
2.82454419136000
2.82471752167000
2.82555365562000
2.82610678673000
2.82712507248000
2.82844662666000
2.82866096497000
2.82963800430000
2.83033108711000
2.83143067360000
2.83285951614000
2.83296847343000
2.83385992050000
2.83454751968000
2.83547019958000
2.83677220345000
2.83750176430000
2.83776926994000
2.83721232414000
2.83634805679000
2.83540320396000
2.83631038666000
2.83448743820000
2.83147549629000
2.82671642303000
2.82402038574000
2.82089328766000
2.81731796265000
2.81297779083000
2.80570030212000
2.80039143562000
2.79624223709000
2.79322099686000
2.79112553596000
2.78878521919000
2.78595876694000
2.78420352936000
2.78351020813000
2.78366255760000
2.78512501717000
2.78786516190000
2.78631067276000
2.78724455833000
2.78817987442000
2.78937721252000
2.79078888893000
2.79184532166000
2.79301857948000
2.79385232925000
2.79468178749000
2.79537510872000
2.79678606987000
2.79773545265000
2.79833054543000
2.79896664619000
2.79945731163000
2.80051088333000
2.80121445656000
2.80160188675000
2.80208945274000
2.80247545242000
2.80320858955000
2.80373644829000
2.80397415161000
2.80433130264000
2.80458831787000
2.80509185791000
2.80551242828000
2.80570745468000
2.80610966682000
2.80645322800000
2.80666899681000
2.80707573891000
2.80735421181000
2.80799269676000
2.80869698524000
2.80867838860000
2.80916523933000
2.80956006050000
2.81038975716000
2.81139278412000
2.81141328812000
2.81201004982000
2.81245970726000
2.81327891350000
2.81425786018000
2.81447315216000
2.81512451172000
2.81559109688000
2.81643033028000
2.81738448143000
2.81756687164000
2.81822276115000
2.81870746613000
2.81969404221000
2.86955165863000
2.86987400055000
2.87011146545000
2.87071633339000
2.87116265297000
2.87170672417000
2.87247633934000
2.87241744995000
2.87308406830000
2.87361860275000
2.87406992912000
2.87473106384000
2.87488484383000
2.87569975853000
2.87645792961000
2.87695169449000
2.87751388550000
2.87796306610000
2.87878513336000
2.87949800491000
2.87999892235000
2.88091301918000
2.88168454170000
2.88196945190000
2.88156533241000
2.88033986092000
2.87913966179000
2.88056373596000
2.87906122208000
2.87622332573000
2.87182974815000
2.86846256256000
2.86527037621000
2.86201930046000
2.86004924774000
2.85450959206000
2.84829854965000
2.84356999397000
2.84039735794000
2.84160113335000
2.84035181999000
2.83777308464000
2.83598566055000
2.83554220200000
2.83588337898000
2.83737516403000
2.84014844894000
2.83826065063000
2.83927273750000
2.84029078484000
2.84153413773000
2.84298372269000
2.84364414215000
2.84486508369000
2.84582376480000
2.84672760963000
2.84749436378000
2.84853696823000
2.84956479073000
2.85030150414000
2.85103297234000
2.85181570053000
2.85232448578000
2.85312700272000
2.85366082191000
2.85426378250000
2.85482621193000
2.85513973236000
2.85577130318000
2.85615801811000
2.85664725304000
2.85702180862000
2.85715985298000
2.85768222809000
2.85800671577000
2.85853219032000
2.85897970200000
2.85881829262000
2.85931372643000
2.85966920853000
2.86038208008000
2.86113262177000
2.86072921753000
2.86127138138000
2.86168575287000
2.86251735687000
2.86348485947000
2.86310172081000
2.86370158195000
2.86413598061000
2.86489248276000
2.86576008797000
2.86555314064000
2.86615729332000
2.86657857895000
2.86726808548000
2.86803078651000
2.86780333519000
2.86837363243000
2.86878752708000
2.86947417259000
2.91259074211000
2.91267299652000
2.91287732124000
2.91308736801000
2.91341733932000
2.91357731819000
2.91371989250000
2.91393971443000
2.91418719292000
2.91457319260000
2.91474056244000
2.91490793228000
2.91522121429000
2.91563177109000
2.91624832153000
2.91663503647000
2.91702127457000
2.91749572754000
2.91801118851000
2.91867542267000
2.91908955574000
2.92018914223000
2.92079520226000
2.92086410522000
2.92050004005000
2.91929626465000
2.92031693459000
2.92014217377000
2.91872668266000
2.91617131233000
2.91216325760000
2.90987706184000
2.90744280815000
2.90462470055000
2.90153050423000
2.89806437492000
2.89297032356000
2.88930606842000
2.88684296608000
2.88570594788000
2.88641262054000
2.88396000862000
2.88253021240000
2.88205766678000
2.88267493248000
2.88408374786000
2.88447880745000
2.88510775566000
2.88591694832000
2.88703870773000
2.88815617561000
2.88926744461000
2.89034342766000
2.89133191109000
2.89236354828000
2.89313769341000
2.89414334297000
2.89508605003000
2.89591288567000
2.89675354958000
2.89733314514000
2.89808940887000
2.89880561829000
2.89942836761000
2.90008687973000
2.90052318573000
2.90106415749000
2.90159010887000
2.90204691887000
2.90256333351000
2.90288639069000
2.90321993828000
2.90358686447000
2.90393185616000
2.90438389778000
2.90470504761000
2.90488409996000
2.90515398979000
2.90545988083000
2.90592956543000
2.90635180473000
2.90652298927000
2.90679621696000
2.90711641312000
2.90761089325000
2.90807938576000
2.90833783150000
2.90865826607000
2.90898680687000
2.90944862366000
2.90982890129000
2.91008567810000
2.91038393974000
2.91067075729000
2.91106820107000
2.91135334969000
2.91149854660000
2.91170763969000
2.91192841530000
2.91227936745000
2.91252470016000
2.94944334030000
2.94941210747000
2.94931125641000
2.94929170609000
2.94935107231000
2.94934201241000
2.94922041893000
2.94929742813000
2.94928336143000
2.94936776161000
2.94940876961000
2.94906735420000
2.94966340065000
2.94981884956000
2.95014142990000
2.95049214363000
2.95025992393000
2.95143580437000
2.95178484917000
2.95224523544000
2.95267748833000
2.95290088654000
2.95441389084000
2.95443177223000
2.95398020744000
2.95291996002000
2.95129227638000
2.95441603661000
2.95323753357000
2.95088386536000
2.94721269608000
2.94207048416000
2.94379806519000
2.94161629677000
2.93912220001000
2.93616580963000
2.93333363533000
2.92879772186000
2.92703843117000
2.92656612396000
2.92721486092000
2.92943120003000
2.92366933823000
2.92332935333000
2.92403936386000
2.92562031746000
2.92832517624000
2.92651557922000
2.92730689049000
2.92837023735000
2.92952489853000
2.93094277382000
2.93155241013000
2.93250012398000
2.93345046043000
2.93422412872000
2.93499660492000
2.93604397774000
2.93686103821000
2.93765139580000
2.93823719025000
2.93882989883000
2.93957853317000
2.94020891190000
2.94083452225000
2.94127821922000
2.94178867340000
2.94220089912000
2.94266891479000
2.94315552711000
2.94348526001000
2.94390583038000
2.94403624535000
2.94438982010000
2.94480848312000
2.94511890411000
2.94557952881000
2.94537901878000
2.94567775726000
2.94609856606000
2.94646978378000
2.94710206985000
2.94663119316000
2.94690775871000
2.94731664658000
2.94768834114000
2.94838118553000
2.94788289070000
2.94811701775000
2.94844222069000
2.94869327545000
2.94918894768000
2.94881439209000
2.94895839691000
2.94917106628000
2.94929242134000
2.94957399368000
2.94919776917000
2.94924092293000
2.94937252998000
2.94943881035000
2.98227405548000
2.98216795921000
2.98203444481000
2.98204660416000
2.98206281662000
2.98208618164000
2.98213267326000
2.98185753822000
2.98185133934000
2.98187041283000
2.98191928864000
2.98193812370000
2.98166894913000
2.98167061806000
2.98176717758000
2.98196387291000
2.98214221001000
2.98200869560000
2.98194241524000
2.98191499710000
2.98193073273000
2.98204803467000
2.98283338547000
2.98252105713000
2.98166990280000
2.98027968407000
2.97863960266000
2.98132276535000
2.98053169250000
2.97849726677000
2.97521424294000
2.97102379799000
2.97277760506000
2.97130179405000
2.96943926811000
2.96718692780000
2.96409487724000
2.96158647537000
2.96007752419000
2.95976901054000
2.96066284180000
2.96189117432000
2.95786905289000
2.95758485794000
2.95826148987000
2.95989751816000
2.96249222755000
2.96087646484000
2.96159648895000
2.96250009537000
2.96358466148000
2.96498847008000
2.96562457085000
2.96649456024000
2.96727991104000
2.96797752380000
2.96871376038000
2.96984291077000
2.97057580948000
2.97119545937000
2.97169852257000
2.97218108177000
2.97314572334000
2.97370481491000
2.97417259216000
2.97454595566000
2.97490739822000
2.97561621666000
2.97603464127000
2.97638559341000
2.97666668892000
2.97694516182000
2.97738385201000
2.97769498825000
2.97798657417000
2.97825551033000
2.97855067253000
2.97868561745000
2.97892689705000
2.97920584679000
2.97952032089000
2.97991800308000
2.97983264923000
2.98004102707000
2.98029828072000
2.98060226440000
2.98102951050000
2.98090744019000
2.98109197617000
2.98128581047000
2.98148822784000
2.98179316521000
2.98168468475000
2.98181390762000
2.98193168640000
2.98203897476000
2.98221635818000
2.98200011253000
2.98204851151000
2.98210763931000
2.98217988014000
3.00846171379000
3.00842857361000
3.00820994377000
3.00810146332000
3.00804352760000
3.00803589821000
3.00803017616000
3.00778722763000
3.00763249397000
3.00755000114000
3.00753951073000
3.00751066208000
3.00726675987000
3.00702595711000
3.00692629814000
3.00696754456000
3.00703811646000
3.00694298744000
3.00651311874000
3.00616765022000
3.00590324402000
3.00578451157000
3.00651526451000
3.00594496727000
3.00488090515000
3.00330972672000
3.00150442123000
3.00383448601000
3.00332784653000
3.00162410736000
2.99869990349000
2.99476027489000
2.99617338181000
2.99533772469000
2.99416041374000
2.99263048172000
2.99009013176000
2.98767042160000
2.98650527000000
2.98658370972000
2.98791694641000
2.98946809769000
2.98556876183000
2.98531556129000
2.98606610298000
2.98783445358000
2.99045372009000
2.98891711235000
2.98953747749000
2.99038648605000
2.99147200584000
2.99283528328000
2.99355649948000
2.99431610107000
2.99503684044000
2.99572300911000
2.99641633034000
2.99761533737000
2.99824643135000
2.99881029129000
2.99930977821000
2.99975132942000
3.00076723099000
3.00123810768000
3.00166392326000
3.00204682350000
3.00237035751000
3.00310826302000
3.00345277786000
3.00377631187000
3.00408005714000
3.00432538986000
3.00478219986000
3.00502300262000
3.00529003143000
3.00558471680000
3.00584316254000
3.00600194931000
3.00615692139000
3.00639557838000
3.00671935081000
3.00706124306000
3.00700521469000
3.00710582733000
3.00730085373000
3.00759220123000
3.00794196129000
3.00784111023000
3.00790929794000
3.00803279877000
3.00821208954000
3.00843429565000
3.00834393501000
3.00835871696000
3.00840830803000
3.00849318504000
3.00859403610000
3.00841665268000
3.00834918022000
3.00833892822000
3.00838613510000
3.02889871597000
3.02892780304000
3.02885866165000
3.02865362167000
3.02852034569000
3.02839279175000
3.02833509445000
3.02840161324000
3.02810859680000
3.02792263031000
3.02776503563000
3.02768850327000
3.02779340744000
3.02733588219000
3.02703785896000
3.02683758736000
3.02680063248000
3.02705526352000
3.02632880211000
3.02566170692000
3.02503538132000
3.02468037605000
3.02561903000000
3.02475690842000
3.02347230911000
3.02164721489000
3.01967620850000
3.02160143852000
3.02112817764000
3.01974391937000
3.01711153984000
3.01342272758000
3.01376414299000
3.01356840134000
3.01307153702000
3.01218652725000
3.01019811630000
3.00688838959000
3.00655961037000
3.00703096390000
3.00870609283000
3.01058006287000
3.00655937195000
3.00660085678000
3.00743389130000
3.00922822952000
3.01187205315000
3.01063656807000
3.01115727425000
3.01195716858000
3.01293921471000
3.01426243782000
3.01531624794000
3.01593160629000
3.01659131050000
3.01716423035000
3.01781487465000
3.01927328110000
3.01979255676000
3.02030348778000
3.02069878578000
3.02109956741000
3.02230310440000
3.02269649506000
3.02308273315000
3.02337574959000
3.02366137505000
3.02452397346000
3.02481937408000
3.02511715889000
3.02534580231000
3.02555799484000
3.02609705925000
3.02631115913000
3.02655577660000
3.02677845955000
3.02700018883000
3.02723908424000
3.02737283707000
3.02757287025000
3.02780890465000
3.02809500694000
3.02815055847000
3.02821207047000
3.02834653854000
3.02852869034000
3.02880120277000
3.02884507179000
3.02884936333000
3.02890300751000
3.02896523476000
3.02910423279000
3.02917957306000
3.02912330627000
3.02910447121000
3.02907466888000
3.02909898758000
3.02912855148000
3.02899074554000
3.02891016006000
3.02884173393000
3.04358506203000
3.04366731644000
3.04367113113000
3.04359674454000
3.04335975647000
3.04315686226000
3.04304695129000
3.04333686829000
3.04319214821000
3.04285669327000
3.04259586334000
3.04247164726000
3.04283857346000
3.04253292084000
3.04197287560000
3.04157447815000
3.04142951965000
3.04194808006000
3.04133462906000
3.04027438164000
3.03932714462000
3.03873562813000
3.03980112076000
3.03892850876000
3.03733444214000
3.03529167175000
3.03315520287000
3.03460240364000
3.03392076492000
3.03275609016000
3.03044867516000
3.02701091766000
3.02620720863000
3.02582025528000
3.02605652809000
3.02585482597000
3.02441835403000
3.02013635635000
3.01989817619000
3.02096438408000
3.02303004265000
3.02522683144000
3.02099943161000
3.02124714851000
3.02220535278000
3.02407884598000
3.02674698830000
3.02572774887000
3.02641224861000
3.02705574036000
3.02798676491000
3.02926945686000
3.03057074547000
3.03132343292000
3.03179049492000
3.03230142593000
3.03290891647000
3.03454208374000
3.03517699242000
3.03552460670000
3.03586602211000
3.03622579575000
3.03753137589000
3.03802156448000
3.03828001022000
3.03853273392000
3.03878045082000
3.03968238831000
3.04005789757000
3.04026103020000
3.04046344757000
3.04064249992000
3.04117846489000
3.04146528244000
3.04163694382000
3.04183673859000
3.04202175140000
3.04225492477000
3.04246425629000
3.04259204865000
3.04278922081000
3.04301953316000
3.04310083389000
3.04324245453000
3.04329109192000
3.04341220856000
3.04360747337000
3.04371047020000
3.04379606247000
3.04375505447000
3.04374718666000
3.04380321503000
3.04395890236000
3.04399037361000
3.04388165474000
3.04378318787000
3.04373097420000
3.04388237000000
3.04385399818000
3.04368519783000
3.04354667664000
3.05253362656000
3.05270600319000
3.05275511742000
3.05275082588000
3.05262374878000
3.05235195160000
3.05262684822000
3.05270123482000
3.05265974998000
3.05242848396000
3.05205678940000
3.05244874954000
3.05251002312000
3.05233049393000
3.05183148384000
3.05120372772000
3.05175542831000
3.05172753334000
3.05121183395000
3.05012655258000
3.04880285263000
3.04937338829000
3.04916167259000
3.04825329781000
3.04656910896000
3.04426503181000
3.04372572899000
3.04292869568000
3.04194116592000
3.04069662094000
3.03873062134000
3.03559613228000
3.03359580040000
3.03277373314000
3.03308129311000
3.03365612030000
3.02972555161000
3.02751946449000
3.02708172798000
3.02836823463000
3.03091239929000
3.02955365181000
3.02899980545000
3.02931737900000
3.03045082092000
3.03241014481000
3.03342556953000
3.03430104256000
3.03511953354000
3.03581500053000
3.03663706779000
3.03823781013000
3.03943061829000
3.04030156136000
3.04078125954000
3.04115724564000
3.04252982140000
3.04353117943000
3.04424691200000
3.04460692406000
3.04483485222000
3.04583597183000
3.04656219482000
3.04709863663000
3.04737377167000
3.04754137993000
3.04820585251000
3.04869270325000
3.04908466339000
3.04931116104000
3.04945659637000
3.04984164238000
3.05013585091000
3.05041980743000
3.05062437057000
3.05078291893000
3.05099248886000
3.05115962029000
3.05136275291000
3.05153417587000
3.05168318748000
3.05185008049000
3.05196547508000
3.05210733414000
3.05220794678000
3.05226540565000
3.05244779587000
3.05254626274000
3.05263829231000
3.05265641212000
3.05258083344000
3.05273127556000
3.05279064178000
3.05283617973000
3.05280065536000
3.05264139175000
3.05276060104000
3.05278611183000
3.05279612541000
3.05272245407000
3.05252385139000
3.05570578575000
3.05596518517000
3.05611515045000
3.05615615845000
3.05608892441000
3.05591034889000
3.05569577217000
3.05650401115000
3.05653834343000
3.05639886856000
3.05608057976000
3.05586051941000
3.05682301521000
3.05673909187000
3.05635356903000
3.05565881729000
3.05529713631000
3.05641365051000
3.05596375465000
3.05496215820000
3.05340075493000
3.05233407021000
3.05372095108000
3.05274605751000
3.05101156235000
3.04851102829000
3.04603910446000
3.04659247398000
3.04527401924000
3.04371047020000
3.04190135002000
3.03896236420000
3.03592538834000
3.03465127945000
3.03451418877000
3.03552317619000
3.03519296646000
3.02902173996000
3.02837061882000
3.02945160866000
3.03227519989000
3.03512430191000
3.03054356575000
3.03091478348000
3.03211307526000
3.03414392471000
3.03686523438000
3.03634572029000
3.03727793694000
3.03810143471000
3.03881621361000
3.04001951218000
3.04188919067000
3.04285621643000
3.04344677925000
3.04365921021000
3.04418110847000
3.04623723030000
3.04701089859000
3.04744315147000
3.04753255844000
3.04781031609000
3.04939365387000
3.04995226860000
3.05026459694000
3.05032920837000
3.05050063133000
3.05155372620000
3.05193805695000
3.05217146873000
3.05225348473000
3.05236625671000
3.05296754837000
3.05322575569000
3.05341815948000
3.05354547501000
3.05365681648000
3.05395030975000
3.05412483215000
3.05428099632000
3.05441951752000
3.05453801155000
3.05474233627000
3.05486178398000
3.05495333672000
3.05501818657000
3.05505847931000
3.05535078049000
3.05542659760000
3.05544161797000
3.05539679527000
3.05528640747000
3.05567383766000
3.05571079254000
3.05567979813000
3.05558133125000
3.05537533760000
3.05584120750000
3.05586600304000
3.05582094193000
3.05570530891000
