8.66405969191000e-09
4.56023308004000e-09
9.93000703886000e-09
3.94275296856000e-08
2.20303970622000e-08
2.32188845928000e-09
-2.02415945116000e-10
-2.92264901169000e-09
-2.89955082167000e-08
-3.53762530381000e-08
-4.45858638898000e-09
-5.81080428219000e-09
-1.35357136610000e-09
4.53670629952000e-08
2.74987090876000e-08
1.37693367819000e-08
3.35794609896000e-08
1.98061300694000e-08
2.07598542801000e-08
7.20370110230000e-08
1.30718813551000e-08
8.57665156673000e-08
7.26550766217000e-08
7.57166844778000e-08
2.97698193208000e-07
7.48748902879000e-08
1.33460304141000e-07
5.86142085979000e-08
5.79743328899000e-08
1.63699397149000e-07
3.35195089463000e-08
3.01011091608000e-08
-3.43425465843000e-09
-5.45019585019000e-09
2.01370525588000e-07
-1.65506634175000e-07
-6.13423765117000e-08
-3.84088032490000e-08
-2.93533105378000e-07
-4.19446251954000e-07
1.97288954951000e-07
1.82611714195000e-07
5.46410845459000e-08
3.46403851381000e-07
1.83794838904000e-07
-3.49912205877000e-08
-7.81815590045000e-09
-5.47671739071000e-08
4.89635922918000e-08
-6.44642852876000e-07
-8.01256376803000e-08
-1.89212823187000e-08
-1.52596015823000e-08
1.13338579411000e-07
-1.37053874028000e-07
-2.33663115523000e-08
-3.04078939806000e-09
-2.63462904826000e-08
1.11834751237000e-07
1.77888310304000e-07
2.35432633389000e-08
2.09767359038000e-09
-1.18236771485000e-08
7.76467814489000e-08
1.34996458456000e-08
-3.40585182279000e-09
1.98600247359000e-09
9.60612744905000e-09
5.07398709715000e-08
-1.99468033202000e-08
9.52554568556000e-09
4.87871387733000e-09
4.92739316016000e-09
3.56765603726000e-08
7.99289434639000e-09
-2.46903786305000e-09
3.02634961535000e-09
1.59651669662000e-08
1.29697227180000e-07
2.65682245981000e-07
3.64808805386000e-08
1.75192056417000e-08
2.37927793023000e-08
1.28051496517000e-07
1.19911049978000e-07
1.45207703639000e-08
1.22709242767000e-09
-3.75757425175000e-09
3.13622550152000e-08
-5.84088377664000e-09
-2.10443351634000e-09
4.85640949677000e-09
1.69287339702000e-08
6.74125857358000e-08
6.50867448826000e-08
1.53389940749000e-08
7.21814608085000e-09
1.10857714120000e-08
2.65388315768000e-08
3.37373684545000e-08
9.48889855579000e-09
8.66405969191000e-09
1.08203430500000e-05
1.08496487883000e-05
1.12409079520000e-05
9.61005753197000e-06
5.88351576880000e-06
3.59749947165000e-06
5.85422526456000e-07
-2.46433046414000e-06
-3.96332234232000e-06
-6.84059159539000e-06
-5.47700983589000e-06
-4.58741351395000e-06
-7.65590471019000e-07
2.25548978960000e-06
5.75351486987000e-06
1.24724720081000e-05
2.12471786654000e-05
2.49396634899000e-05
1.51239955812000e-05
7.99093140813000e-06
1.26159538922000e-05
3.53375144186000e-05
7.18852970749000e-05
7.56666631787000e-05
0.000103715072328000
0.000100046054285000
7.15611895430000e-05
6.15681201452000e-05
5.87540343986000e-05
5.45052607777000e-05
5.08256780449000e-05
2.42802107095000e-05
1.65739777458000e-06
2.48521137109000e-05
1.10263554234000e-05
-0.000124348181998000
-0.000140909323818000
-4.54315595562000e-05
-3.51459239027000e-05
9.09561349545000e-05
-0.000121078410302000
0.000266330316663000
8.51034346852000e-05
-6.68432548991000e-05
2.56008024735000e-05
-2.43700233113000e-05
-1.23888298731000e-06
3.16437908623000e-05
2.80645563180000e-05
-0.000110934743134000
-8.67267517606000e-05
-3.93088630517000e-05
-2.47067855526000e-05
7.39614042686000e-05
2.13722614717000e-05
-2.52942518273000e-05
-2.47096068051000e-05
-2.48858236773000e-06
3.07119189529000e-05
6.78471315041000e-06
6.01937699685000e-06
7.53707263357000e-06
-5.01657154928000e-07
-3.03547358271000e-06
4.82635368826000e-06
5.51105040358000e-06
8.72947839525000e-06
1.15350576380000e-05
1.10645860332000e-05
1.08599824671000e-05
1.99950386559000e-06
6.10973302173000e-06
7.54167785999000e-06
-1.71514585645000e-07
-6.96379538567000e-06
4.06051555046000e-07
6.91711147738000e-06
1.37010911203000e-05
2.03970012080000e-05
2.11041624425000e-05
3.74888331862000e-05
3.70697744074000e-05
2.24291361519000e-05
1.74641263584000e-05
1.43886754813000e-05
8.89931470738000e-06
4.41152042185000e-06
1.18205275612000e-06
-5.28982127435000e-06
-7.55624068915000e-06
3.63399976777000e-06
1.45324647747000e-05
2.04361494980000e-05
2.09528916457000e-05
1.87898676813000e-05
1.90860846487000e-05
1.86564702744000e-05
1.54942263180000e-05
1.11543104140000e-05
1.00376291812000e-05
1.08265794552000e-05
1.08203430500000e-05
2.16131575144000e-05
2.17387296289000e-05
2.05036922125000e-05
1.68395181390000e-05
1.06421584860000e-05
6.92094818078000e-06
2.19096841647000e-06
-3.07732466354000e-06
-5.70072688788000e-06
-7.96934909886000e-06
-6.89968419465000e-06
-1.96999417312000e-06
3.55584802492000e-06
1.08925778477000e-05
1.39452286021000e-05
2.73648765869000e-05
4.63261130790000e-05
5.11064172315000e-05
4.71856583317000e-05
2.65610433416000e-05
3.58218931069000e-05
5.54381149414000e-05
0.000109026106657000
0.000116557814181000
0.000160226059961000
0.000152843698743000
0.000129382984596000
0.000102263686131000
9.56953226705000e-05
8.28861884656000e-05
7.55220680730000e-05
6.23758242000000e-05
1.47829869093000e-05
1.33736693897000e-05
1.24692023746000e-05
-0.000202672352316000
-0.000231542086112000
-0.000132497487357000
-1.39560997923000e-05
0.000140958945849000
-0.000118250893138000
0.000160271883942000
1.52189331857000e-05
-0.000118853029562000
0.000227156662731000
3.94212547690000e-05
-1.06596507976000e-05
2.58519703493000e-05
0.000149409956066000
-0.000221925918595000
2.89272684313000e-05
-2.99870989693000e-05
-0.000110250563012000
0.000111498578917000
-1.42285807669000e-05
-7.45100624044000e-05
-4.82365867356000e-05
-7.85739484854000e-06
2.98475833915000e-06
7.11497204975000e-06
-1.17313938972000e-05
1.25553706312000e-05
-2.28629096455000e-06
1.45757985592000e-05
2.30779078265000e-05
2.82323471765000e-05
1.47143409777000e-05
2.24238228839000e-05
2.36806608882000e-05
3.98534530177000e-06
2.79439859696000e-06
8.76560534380000e-06
7.82310507930000e-06
5.67414281250000e-06
-8.14165923657000e-06
-6.53859217437000e-07
1.20395061458000e-05
2.16157841351000e-05
2.28670924116000e-05
6.77809221088000e-05
5.93467630097000e-05
6.47411725367000e-05
4.09925887652000e-05
2.16743956116000e-05
2.34676554101000e-05
-2.25191615755000e-06
3.13636945748000e-07
1.85879332548000e-06
3.85364501199000e-06
-2.11893802771000e-06
1.75823133759000e-05
3.58677571057000e-05
4.14059031755000e-05
4.01866200264000e-05
3.76015595975000e-05
3.88952284993000e-05
3.86548163078000e-05
3.44596955983000e-05
2.66575571004000e-05
2.36534779106000e-05
2.46370527748000e-05
2.16131575144000e-05
3.73655784642000e-05
3.01588279399000e-05
3.08285998472000e-05
2.77939689113000e-05
1.67454891198000e-05
1.24994730868000e-05
9.01535713638000e-06
4.36192567577000e-06
-9.43908901263000e-07
-4.95576250614000e-06
-4.27518943980000e-06
4.41841757493000e-06
1.37283795993000e-05
2.30180557992000e-05
2.89516228804000e-05
4.47367929155000e-05
6.96658171364000e-05
8.00588022685000e-05
7.64981086832000e-05
5.99692721153000e-05
6.96562347002000e-05
8.81346932147000e-05
0.000126281505800000
0.000122769270092000
0.000140682037454000
0.000158775568707000
0.000148109989823000
0.000123208694276000
0.000111901106720000
0.000101752644696000
7.41820767871000e-05
8.16678511910000e-05
4.04413622164000e-05
8.70984968060000e-06
2.07593657251000e-05
-0.000100466379081000
-0.000114533650049000
-4.10203938372000e-05
8.70716467034000e-05
-4.97213989092000e-07
-3.11004368996000e-05
-8.93401011126000e-05
-4.13583547925000e-05
2.64556674665000e-05
-4.73072323075000e-05
-0.000108860804175000
-6.73225076753000e-05
-0.000111253393698000
0.000180081580766000
-9.77199451881000e-05
-0.000156732901814000
-6.33868476143000e-05
-0.000104515020212000
-4.19671323471000e-06
0.000232007645536000
7.89120895206000e-06
-6.35211617919000e-05
-1.04512500911000e-05
7.19050603948000e-06
7.04006060914000e-06
2.64166237685000e-06
2.30609366554000e-05
5.89536193729000e-06
9.13879921427000e-06
3.99129748985000e-05
1.92686584342000e-05
2.05364794965000e-05
3.10644536512000e-05
3.25737673847000e-05
2.06590739253000e-05
-1.26216389162000e-06
6.28564248473000e-06
2.03492509172000e-05
1.46427282743000e-05
1.16466371765000e-05
1.87816658581000e-05
2.33419359574000e-05
3.33353527822000e-05
4.52585918538000e-05
0.000105909981357000
8.86539710336000e-05
4.03172125516000e-05
5.30302022526000e-05
6.53774768580000e-05
4.41169577243000e-05
5.27310976395000e-06
1.41939181049000e-05
3.29875583702000e-05
1.02050880741000e-05
-1.50681682953000e-06
3.15778779623000e-05
5.24654351466000e-05
5.73436700506000e-05
5.27105403307000e-05
5.11119324074000e-05
5.37610503670000e-05
5.56989507459000e-05
4.98040280945000e-05
3.54836629413000e-05
3.10016839649000e-05
3.73922557628000e-05
3.73655784642000e-05
5.73518445890000e-05
4.01825600420000e-05
4.29731480835000e-05
4.15397953475000e-05
2.83161898551000e-05
1.74247361429000e-05
1.65312794707000e-05
1.40057418321000e-05
7.27401720724000e-06
7.56033159632000e-07
2.36621917793000e-06
1.43668139572000e-05
3.06811962218000e-05
4.24147365266000e-05
4.94423038617000e-05
6.87166611897000e-05
9.35530551942000e-05
0.000107255029434000
0.000102132536995000
9.15716955205000e-05
0.000111219029350000
0.000120913864521000
0.000147459708387000
0.000131980545120000
0.000128916886752000
0.000145756042912000
0.000137709794217000
0.000115347269457000
0.000113931215310000
0.000110680375656000
8.12273792690000e-05
9.80908444035000e-05
6.89207590767000e-05
1.62839351106000e-05
3.63225299225000e-05
-2.28765638894000e-05
-5.47470745005000e-06
5.87562790315000e-05
0.000202270559384000
0.000103037506051000
-0.000301484396914000
0.000419146934291000
-0.000408476014854000
-0.000599081802648000
-0.000342217390426000
-0.000143259021570000
-0.000847416813485000
-0.000439807452494000
-0.000332651514327000
0.000391888199374000
-0.000139554991620000
-0.000154079185450000
-3.38212230417000e-05
-6.32965020486000e-05
0.000111339053547000
9.12128380151000e-05
-1.84905111382000e-05
-2.53218331636000e-07
1.13189908006000e-05
5.01859612996000e-05
4.80722792418000e-06
-2.42262321990000e-05
-3.87542713725000e-05
-6.43531311653000e-05
-3.37657875207000e-05
1.59959854500000e-05
2.81930933852000e-05
4.31814041804000e-05
4.89988669869000e-05
2.63087749772000e-05
-2.13236398849000e-06
2.44488164753000e-05
4.47480078947000e-06
1.10133059934000e-05
2.23402967094000e-05
3.42459825333000e-05
3.50139707734000e-05
6.30562135484000e-05
5.72835742787000e-05
6.16513934801000e-05
9.92144268821000e-05
4.13743291574000e-05
4.40735384473000e-05
6.52915477986000e-05
5.40299915883000e-05
2.55341910815000e-05
-2.88620594802000e-06
0.000102406513179000
-2.08029882742000e-06
-4.38803726865000e-05
3.54592630174000e-05
7.44803910493000e-05
7.19718591426000e-05
5.77741993766000e-05
5.46187111468000e-05
6.98828298482000e-05
6.46344415145000e-05
6.21548751951000e-05
3.58695579052000e-05
3.24710854329000e-05
5.75471967750000e-05
5.73518445890000e-05
7.94789375504000e-05
5.33835845999000e-05
7.02277538949000e-05
5.33128913958000e-05
2.69025913440000e-05
1.93757041416000e-05
2.41126763285000e-05
2.46354702540000e-05
1.83033425856000e-05
1.07721443783000e-05
1.06263287307000e-05
2.56778130279000e-05
5.08571683895000e-05
6.33273375570000e-05
7.10808817530000e-05
9.09374357434000e-05
0.000113735244668000
0.000127407896798000
0.000123435718706000
0.000114681170089000
0.000136404501973000
0.000144439269206000
0.000161631454830000
0.000149153449456000
0.000119990887470000
0.000176328394446000
0.000153663451783000
0.000146463615238000
0.000108475273009000
0.000114787508210000
9.44166822592000e-05
8.51811782923000e-05
5.89521587244000e-05
1.20140766739000e-05
1.15376033136000e-05
2.09299614653000e-05
7.41906260373000e-05
0.000133447247208000
0.000167923368281000
0.000139438430779000
-0.000450388179161000
0.00139795232099000
0.000170607250766000
-0.000291198841296000
-0.000396164919948000
-0.000410876848036000
-0.000842954090331000
-0.000336344557581000
-0.000210720012547000
0.000650914269499000
-3.48543726432000e-05
-5.50559780095000e-05
9.10645539989000e-05
-4.98716690345000e-05
-7.45813595131000e-05
0.000104743150587000
0.000161511401529000
5.98019032623000e-05
-8.19073829916000e-05
7.84704971011000e-05
-2.40353710979000e-06
-4.14513742726000e-05
-1.95213597181000e-05
-0.000112972134957000
-0.000170938757947000
2.66191582341000e-05
-5.04241288581000e-05
-3.76129969482000e-06
6.68424690957000e-05
7.99788685981000e-05
-5.44433714822000e-06
8.05885247246000e-06
-9.60038669291000e-05
-4.02030709665000e-05
0.000125984632177000
9.93754365481000e-05
0.000104503371404000
4.60970804852000e-05
3.66227468476000e-05
9.50206303969000e-05
0.000261636479991000
0.000167362726643000
6.56257980154000e-05
6.93688707543000e-05
8.84842083906000e-05
0.000108903055661000
5.42466204934000e-06
3.43438841810000e-05
2.51937035500000e-05
-3.46658816852000e-05
2.44852471951000e-05
8.77010606928000e-05
9.53616472543000e-05
6.81461024215000e-05
6.62734528305000e-05
7.61644041631000e-05
7.26720245439000e-05
7.25997306290000e-05
2.76344580925000e-05
2.46405506914000e-05
7.94807783677000e-05
7.94789375504000e-05
8.47928968142000e-05
0.000100154218671000
0.000134605594212000
9.05019114725000e-05
1.88928570424000e-05
1.27926159621000e-05
2.72889155895000e-05
3.50324480678000e-05
2.75139263977000e-05
1.51085178004000e-05
1.38653313115000e-05
3.08585513267000e-05
6.89299122314000e-05
8.11455756775000e-05
9.00003578863000e-05
0.000106783561932000
0.000126396029373000
0.000140576798003000
0.000136031943839000
0.000130344313220000
0.000148861523485000
0.000159342060215000
0.000170209736098000
0.000142595541547000
0.000122179364553000
0.000171755993506000
0.000146793754539000
0.000149028594024000
0.000112298970635000
0.000104270468000000
9.92498971755000e-05
6.98667354300000e-05
4.55766166851000e-05
1.47622931763000e-05
1.99432979571000e-05
8.47407573019000e-05
0.000160388284712000
3.25176770275000e-05
-0.000222682443564000
-0.000384884653613000
-0.00124497525394000
-0.000140082513099000
0.000346199522028000
0.000169592080056000
-0.000226058880799000
-1.13105033961000e-05
-8.90290975804000e-05
-0.000149302402860000
-3.30558032147000e-05
0.000333749892889000
4.23001256422000e-05
4.44694451289000e-05
8.76615886227000e-05
8.01922578830000e-06
-4.86076532979000e-05
0.000168492595549000
0.000145539277582000
-2.40691460931000e-05
-5.37469750270000e-05
0.000173080348759000
6.63173414068000e-05
3.54394505848000e-05
9.01229723240000e-05
6.22432417003000e-05
-1.07259756987000e-05
2.36347386817000e-06
1.58874627232000e-05
1.01326631921000e-05
2.71556436928000e-05
5.94758785155000e-05
7.14229026926000e-05
7.55628425395000e-05
5.56369413971000e-05
9.06450077309000e-05
9.41574180615000e-05
0.000101242585515000
0.000124876649352000
3.70134912373000e-05
8.87577243702000e-06
3.09691167786000e-05
0.000142982506077000
0.000127744657220000
0.000156177746248000
3.80157725886000e-05
2.21672726184000e-05
7.23414850654000e-05
7.15320402378000e-06
3.35225848858000e-07
4.29895917478000e-05
0.000204079478863000
3.92231668229000e-05
0.000130679225549000
7.87031021900000e-05
7.14883353794000e-05
7.89553159848000e-05
0.000105816092400000
7.86002638051000e-05
9.04480184545000e-05
2.77180006378000e-05
3.29497379425000e-05
8.47695991979000e-05
8.47928968142000e-05
5.99045415584000e-05
9.88747415249000e-05
8.27544718049000e-05
0.000100624347397000
5.33042366442000e-05
2.32581987802000e-05
3.91659923480000e-05
5.16773397976000e-05
3.89045271731000e-05
1.73443677340000e-05
9.43460963754000e-06
2.75033235084000e-05
9.55380673986000e-05
0.000103060076071000
9.93771682261000e-05
0.000113297210191000
0.000127474762849000
0.000146810751176000
0.000142761127790000
0.000131935608806000
0.000152830281877000
0.000159914590768000
0.000162213851581000
0.000137000562972000
0.000132636108901000
0.000152519438416000
0.000132657150971000
0.000120169264846000
0.000109899963718000
9.58764358074000e-05
0.000104315804492000
5.34477476322000e-05
1.07334108179000e-05
1.93870582734000e-05
4.13524212490000e-05
0.000139423151268000
0.000145708560012000
-0.000223412003834000
-0.000504013034515000
-0.000643514154945000
-0.00122567883227000
-0.000257866980974000
7.00142163623000e-06
0.000142099641380000
5.04155214003000e-05
0.000106173240056000
7.22895565559000e-05
7.96715830802000e-05
6.81994206388000e-05
0.000201497125090000
8.86542693479000e-05
7.95159285190000e-05
8.18444168544000e-05
5.49594769836000e-05
6.42296356546000e-07
0.000116628063552000
9.66504157986000e-05
8.83022221387000e-05
6.63196187816000e-05
6.68155189487000e-05
7.27058795746000e-05
5.95118362980000e-05
6.94116606610000e-05
6.89932203386000e-05
3.52900169673000e-05
4.58822069049000e-05
6.86438579578000e-05
7.42771371733000e-05
8.48511044751000e-05
0.000106682928163000
0.000110300272354000
0.000111898007162000
0.000102978439827000
0.000105925944808000
0.000104779734102000
0.000105163322587000
0.000113744783448000
7.29246457922000e-05
4.48945029348000e-05
7.88971665315000e-05
8.86326088221000e-05
9.05319975573000e-05
9.62688791333000e-05
3.32075578626000e-05
4.63755641249000e-05
0.000107651139842000
9.29089728743000e-05
0.000155505025759000
0.000217185734073000
0.000477516470710000
1.62118267326000e-05
0.000142162811244000
0.000148068604176000
0.000105985011032000
6.41044825898000e-05
0.000170947183506000
6.32269875496000e-05
6.33833114989000e-05
8.73772587511000e-05
4.99300294905000e-05
5.99168306508000e-05
5.99045415584000e-05
8.29804776004000e-05
6.56598276692000e-05
5.44090507901000e-05
4.78639412904000e-05
0.000168817321537000
9.68778185779000e-05
1.53987748490000e-05
1.60156323545000e-05
1.63706899912000e-05
1.61809712154000e-05
3.39581674780000e-05
3.78521108360000e-05
0.000125174643472000
0.000142915072502000
0.000104538812593000
0.000106668085209000
0.000123073201394000
0.000147488230141000
0.000138792660437000
0.000125260557979000
0.000152316119056000
0.000156557885930000
0.000150880732690000
0.000131548411446000
0.000127231251099000
0.000130895874463000
0.000114401496830000
9.62458288996000e-05
8.93639880815000e-05
7.51655607019000e-05
6.57117634546000e-05
3.86603715015000e-05
1.21783550640000e-05
3.28556270688000e-05
5.77312057430000e-05
0.000186443096027000
-7.58325768402000e-06
-0.000350014714058000
-0.000520093715750000
-0.000741589698009000
0.000154407753143000
-3.31920564349000e-05
5.75518934056000e-05
9.74799695541000e-05
4.60130759166000e-05
0.000156690235599000
9.23249972402000e-05
0.000112859233923000
9.54961287789000e-05
0.000160277413670000
0.000104477127024000
9.01248786249000e-05
8.76038029674000e-05
7.24314959371000e-05
5.18956658198000e-05
0.000102413338027000
8.33438025438000e-05
0.000102661550045000
0.000103148580820000
8.68925562827000e-05
9.00420200196000e-05
8.93718388397000e-05
9.36196083785000e-05
9.56814328674000e-05
7.86629680078000e-05
8.98893122212000e-05
0.000101069068478000
0.000102709047496000
0.000109233740659000
0.000103658072476000
0.000110087756184000
0.000103039710666000
0.000104804923467000
0.000115704817290000
0.000119222007925000
0.000113686823170000
0.000108196953079000
9.02008905541000e-05
7.25703284843000e-05
9.47954758885000e-05
7.57820307626000e-05
8.03841394372000e-05
8.09249031590000e-05
6.93919209880000e-05
0.000101487530628000
0.000110704910185000
0.000123295700178000
0.000184527307283000
0.000159256349434000
0.000289670715574000
-4.09738413509000e-06
5.41258596058000e-05
0.000100835743069000
0.000141128359246000
0.000102259764390000
0.000146695281728000
0.000100776545878000
8.19000852061000e-05
0.000127961102407000
6.45779000479000e-05
8.30307326396000e-05
8.29804776004000e-05
7.77421519160000e-05
9.50419489527000e-05
3.66930435121000e-05
-1.67806920217000e-05
0.000176324116183000
0.000139105890412000
9.32216207730000e-05
6.28678899375000e-05
6.60911700834000e-06
7.36703577786000e-06
0.000127019346110000
0.000147144761286000
9.17514335015000e-05
0.000149201994645000
0.000126282116980000
0.000109593114757000
0.000114175003546000
0.000132353467052000
0.000118914358609000
9.81216871878000e-05
0.000157731134095000
0.000150780731929000
0.000145386118675000
0.000127063991386000
0.000114849084639000
0.000113781927212000
9.05347333173000e-05
8.09413904790000e-05
7.27892111172000e-05
5.28889431735000e-05
4.15011563746000e-05
2.44063194259000e-05
1.76589146577000e-05
3.42570383509000e-05
8.12913276604000e-05
0.000139948911965000
-0.000100076314993000
-0.000280474283500000
-0.000313521537464000
-0.000432834291132000
0.000489958212711000
-8.98536163731000e-05
2.85580608761000e-05
0.000109983753646000
0.000158379989443000
0.000161111049238000
9.74103895715000e-05
0.000103770864371000
0.000107788480818000
0.000111858738819000
0.000119836186059000
0.000100252640550000
0.000102866200905000
9.28404842853000e-05
9.00008089957000e-05
0.000110642969958000
0.000107401865534000
0.000118182993901000
0.000120963923109000
0.000112352157885000
0.000117298455734000
0.000111840483441000
0.000116795650683000
0.000116539980809000
0.000112289351819000
0.000118363364891000
0.000115605602332000
0.000124124897411000
0.000122948214994000
0.000125244390802000
0.000117381117889000
0.000114657930681000
0.000121792116261000
0.000127925217384000
0.000135836817208000
0.000114035232400000
0.000112728688691000
0.000104146121885000
9.62336853263000e-05
0.000104717611976000
7.39964380045000e-05
8.82458334672000e-05
9.25093627302000e-05
0.000105871986307000
0.000128319952637000
0.000122218436445000
0.000137622861075000
0.000163060074556000
0.000160774230608000
0.000214534797124000
8.90173978405000e-05
0.000109217988211000
0.000127264560433000
0.000124934755149000
0.000138748408062000
0.000137916606036000
0.000112739602628000
0.000107072461105000
0.000113738504297000
7.58451860747000e-05
7.78197427280000e-05
7.77421519160000e-05
0.000103111080534000
0.000121040473459000
5.58163992537000e-05
5.01928698213000e-05
0.000201622824534000
0.000114279631816000
0.000114342277811000
7.55360379117000e-05
4.82859395561000e-05
5.64615220355000e-05
0.000207318284083000
0.000217737426283000
5.31933619641000e-05
6.65024053887000e-05
0.000249160744715000
0.000167946593137000
7.02977486071000e-05
0.000112359513878000
0.000127501916722000
7.32752159820000e-05
0.000164541255799000
0.000153175540618000
0.000150177060277000
0.000118965828733000
0.000110900931759000
0.000103153521195000
7.06057981006000e-05
8.07003671071000e-05
6.55424228171000e-05
4.05743085139000e-05
3.59072000720000e-05
3.65309097106000e-05
2.40158133238000e-05
1.98712914425000e-05
8.13238511910000e-05
-3.17084668495000e-05
-0.000158515176736000
-0.000405767495977000
-0.00112453149632000
-0.000815861159936000
0.000291763833957000
-0.000189595084521000
-1.53218534251000e-05
0.000152272070409000
0.000183025636943000
0.000175439432496000
0.000101594174339000
9.59640674409000e-05
0.000119803131383000
0.000127216393594000
0.000148815015564000
0.000110872591904000
0.000116637274914000
0.000111149194709000
0.000114092697913000
0.000133019260829000
0.000124983460410000
0.000132653993205000
0.000140340504004000
0.000139893381856000
0.000144829435158000
0.000130874206661000
0.000135539114126000
0.000134875896038000
0.000134589616209000
0.000137646828080000
0.000122496392578000
0.000134270623676000
0.000128602157929000
0.000131120890728000
0.000120635078929000
0.000122820812976000
0.000134673406137000
0.000133001696668000
0.000143341603689000
0.000111231041956000
0.000122573648696000
0.000116836054076000
0.000111933404696000
0.000118583266158000
7.66185330576000e-05
0.000107961968752000
0.000115483002446000
0.000129648426082000
0.000141952157719000
0.000131687862449000
0.000142127246363000
0.000153763554408000
0.000155473229825000
0.000186994133401000
0.000130633270601000
0.000131989960209000
0.000133368856041000
0.000132468529046000
0.000138766277814000
0.000136257993290000
0.000123166886624000
0.000118841409858000
0.000118593721709000
0.000107100233436000
0.000103142221633000
0.000103111080534000
0.000117318915727000
0.000119918491691000
8.78822684172000e-05
8.69268624228000e-05
0.000130650078063000
0.000105472463474000
0.000106488972961000
8.85448971530000e-05
9.15240816539000e-05
0.000101704768895000
0.000186370627489000
0.000197793633561000
8.54712998262000e-05
9.58327800618000e-05
0.000131351407617000
0.000161725300131000
0.000140570977237000
0.000177549634827000
0.000170990810147000
0.000121004552057000
0.000123335776152000
0.000143990182551000
0.000158410388394000
0.000107119121822000
0.000132988716359000
0.000125001970446000
5.42383568245000e-05
0.000102252924989000
8.45651084092000e-05
3.80589117412000e-05
1.59912251547000e-05
3.20473882311000e-05
4.24824465881000e-05
7.91560669313000e-05
0.000107814681542000
3.51461931132000e-05
4.55682680922000e-07
8.53543533594000e-05
-0.000825210649054000
-0.00113675056491000
0.000279642466921000
-0.000311192474328000
4.01998840971000e-05
0.000308970746119000
0.000264898961177000
0.000226152435062000
0.000124887388665000
0.000142003482324000
0.000113566675282000
0.000166966899997000
0.000171559790033000
0.000125301725348000
0.000126817554701000
0.000121205950563000
0.000138510047691000
0.000158808528795000
0.000142646458698000
0.000159680232173000
0.000138084666105000
0.000166183715919000
0.000162726661074000
0.000143002893310000
0.000139538242365000
0.000120099117339000
0.000145992671605000
0.000146767080878000
0.000131298074848000
0.000143332144944000
0.000148389051901000
0.000137014969368000
0.000133210865897000
0.000137450013426000
0.000161448639119000
0.000169879131136000
0.000149458661326000
0.000131588240038000
0.000139942218084000
0.000148219507537000
0.000157398477313000
0.000136046597618000
0.000110262655653000
0.000131499735289000
0.000135605005198000
0.000152963257278000
0.000146346210386000
0.000134500674903000
0.000153436005348000
0.000163703458384000
0.000166383455507000
0.000171162173501000
0.000148977327626000
0.000144842808368000
0.000142453689477000
0.000137964700116000
0.000144305886352000
0.000133884925162000
0.000129716834635000
0.000129141655634000
0.000124998448882000
0.000115652517707000
0.000117353120004000
0.000117318915727000
0.000128831234179000
0.000132150977151000
0.000121686287457000
0.000101602206996000
0.000103253034467000
9.48626402533000e-05
0.000110656110337000
0.000110133041744000
0.000117032286653000
0.000135954192956000
0.000194029853446000
0.000203253002837000
0.000114059082989000
0.000103743332147000
0.000143834389746000
0.000213751947740000
0.000171477688127000
0.000167912105098000
0.000160709882039000
9.48348460952000e-05
0.000344331114320000
0.000167028090800000
0.000145111320307000
0.000105385966890000
0.000117679170216000
0.000155099231051000
5.96722165938000e-05
0.000114264585136000
0.000139919808134000
8.39165804791000e-05
4.03646263294000e-05
7.20187454135000e-05
0.000108073072624000
0.000133000867208000
0.000234041173826000
0.000153700602823000
2.43153099291000e-05
0.000132725530420000
-0.000270404067123000
-0.000245900591835000
0.000453066400951000
-0.000448123784736000
3.63814178854000e-05
0.000278769352008000
0.000281883607386000
0.000252569996519000
0.000147477170685000
0.000143646306242000
0.000163804434123000
0.000185996774235000
0.000198144509341000
0.000142196644447000
0.000143266603118000
0.000146398830111000
0.000152799257194000
0.000182572854101000
0.000160446812515000
0.000169835780980000
0.000178148315172000
0.000184373435332000
0.000180325791007000
0.000154958281200000
0.000152682274347000
0.000154761102749000
0.000154930618010000
0.000155528789037000
0.000139670693898000
0.000148977909703000
0.000144540725159000
0.000139687530464000
0.000141692347825000
0.000149494459038000
0.000167780919583000
0.000159179006005000
0.000156268579303000
0.000147789251059000
0.000156334135681000
0.000167221733136000
0.000157789778314000
0.000153265282279000
0.000136202244903000
0.000149364321260000
0.000162466196343000
0.000155720859766000
0.000157576156198000
0.000143285666127000
0.000168629834661000
0.000175777968252000
0.000168408529134000
0.000151969754370000
0.000145640064147000
0.000143639786984000
0.000146736390889000
0.000148191174958000
0.000142869786941000
0.000137231836561000
0.000141180440551000
0.000145029407577000
0.000137194714625000
0.000125716003822000
0.000124441852677000
0.000128831234179000
0.000125611797557000
0.000125844264403000
0.000126323619043000
0.000101338482636000
8.49553834996000e-05
8.34488528199000e-05
0.000125131846289000
0.000129401771119000
0.000124709142256000
0.000140628340887000
0.000161125426530000
0.000161301184562000
0.000160561467055000
0.000155419620569000
0.000172178435605000
0.000181712690392000
0.000168814964127000
0.000147510640090000
0.000138698349474000
0.000134895191877000
0.000215814769035000
0.000194455991732000
7.81945200288000e-05
0.000172796077095000
0.000348597153788000
0.000102020327176000
7.40542091080000e-05
3.75548115699000e-05
9.75946240942000e-05
8.82311869645000e-05
4.88282094011000e-05
0.000115071117762000
0.000214497442357000
0.000260848086327000
0.000434053858044000
0.000384085346013000
0.000267837138381000
-1.95670436369000e-05
0.000654124421999000
0.000493220402859000
0.000397359312046000
-0.000187944329809000
-0.000103889338789000
0.000279618339846000
0.000281878688838000
0.000264642498223000
0.000164704833878000
0.000154931156430000
0.000173008869751000
0.000198707697564000
0.000228533201152000
0.000174561762833000
0.000167318532476000
0.000153625747771000
0.000167479316588000
0.000204338779440000
0.000172309519257000
0.000174698405317000
0.000193183717784000
0.000198015244678000
0.000197671950446000
0.000170374274603000
0.000164162600413000
0.000158054404892000
0.000157973860041000
0.000163979784702000
0.000143801022205000
0.000148566017742000
0.000133135079523000
0.000127135615912000
0.000146116173710000
0.000142459466588000
0.000156539550517000
0.000149134953972000
0.000142923177918000
0.000159828356118000
0.000157218426466000
0.000165848992765000
0.000161629999639000
0.000154354638653000
0.000154466149979000
0.000159370873007000
0.000168249971466000
0.000169360166183000
0.000164643017342000
0.000169345759787000
0.000201551811188000
0.000196651017177000
0.000181097027962000
0.000174138258444000
0.000151569853188000
0.000152442880790000
0.000150521518663000
0.000145132740727000
0.000136191898491000
0.000122760218801000
0.000148203267599000
0.000156511028763000
0.000147502636537000
0.000132286964799000
0.000125701873912000
0.000125611797557000
0.000115600472782000
0.000137934257509000
0.000156365436851000
0.000108564287075000
8.49535135785000e-05
7.53755375626000e-05
0.000175464112544000
0.000162109936355000
0.000126320650452000
0.000131338339997000
0.000181950308615000
0.000166167228599000
0.000164258293808000
0.000161463380209000
0.000165103454492000
0.000176409856067000
0.000170747021912000
0.000161071235198000
0.000167620368302000
0.000188602178241000
0.000199215035536000
0.000176029876457000
0.000143443336128000
0.000221769747441000
0.000249188626185000
7.68378959037000e-06
0.000123199832160000
0.000143714249134000
0.000103605088952000
0.000101608799014000
2.40098543145000e-05
3.59362420568000e-05
0.000216116430238000
-0.000443988188636000
-5.56828999834000e-05
0.00135805620812000
-0.000358016521204000
-0.000132285946165000
0.000387109845178000
0.000568066840060000
0.000327309971908000
0.000115517716040000
-0.000211698512430000
0.000351084046997000
0.000288754585199000
0.000205377073144000
0.000112217632704000
0.000108797241410000
0.000226918127737000
0.000211238613701000
0.000241291520069000
0.000160810057423000
0.000155175977852000
0.000216320593609000
0.000194986641873000
0.000225512267207000
0.000192344014067000
0.000193853513338000
0.000208922734600000
0.000218852510443000
0.000213233317481000
0.000171501364093000
0.000170341110788000
0.000203965973924000
0.000190747989109000
0.000187138706679000
0.000166443700437000
0.000171708888956000
0.000205737524084000
0.000179108508746000
0.000179038266651000
0.000188642326975000
0.000199091387913000
0.000190950304386000
0.000185679222341000
0.000190710241441000
0.000190407226910000
0.000198888010345000
0.000187217519851000
0.000171919338754000
0.000168844999280000
0.000150878593558000
0.000170110215549000
0.000180657065357000
0.000162096024724000
0.000167448466527000
0.000221940921620000
0.000220993548282000
0.000188269506907000
0.000174107539351000
0.000154106601258000
0.000164422439411000
0.000177366047865000
0.000169650083990000
0.000143198267324000
0.000119575248391000
0.000175885550561000
0.000171804495039000
0.000148860999616000
0.000131000619149000
0.000120935008454000
0.000115600472782000
0.000112262518087000
0.000155967383762000
0.000155051573529000
0.000115041890240000
7.93721337686000e-05
7.21838878235000e-05
0.000155944479047000
0.000167144869920000
0.000127751045511000
0.000131415741635000
0.000163597811479000
0.000171240390046000
0.000158894428751000
0.000168591475813000
0.000169976061443000
0.000183731637662000
0.000183514726814000
0.000176919216756000
0.000184476841241000
0.000203517396585000
0.000213297433220000
0.000212471015402000
0.000220025598537000
0.000253815989709000
0.000202853698283000
0.000107479841972000
0.000260533939581000
0.000237296713749000
0.000192277133465000
0.000170586892636000
0.000144149045809000
4.02788100473000e-05
-1.89061083802000e-05
-0.000723209755961000
-0.000488141929964000
0.00128083035816000
0.000267142488156000
0.000138353090733000
0.000119483076560000
0.000366155669326000
0.000304709945340000
8.68022543727000e-05
0.000111448483949000
0.000364108593203000
0.000359137542546000
0.000175779394340000
6.63179671392000e-05
7.70695769461000e-05
0.000183158976142000
0.000226571733947000
0.000246427953243000
0.000147733560880000
0.000153960747411000
0.000203637115192000
0.000223610957619000
0.000245211471338000
0.000203936520847000
0.000208880082937000
0.000222322996706000
0.000249257369433000
0.000227940210607000
0.000176370274858000
0.000185754659469000
0.000202296752832000
0.000236814667005000
0.000214453626540000
0.000191179497051000
0.000201709248358000
0.000217778535443000
0.000228960241657000
0.000220565794734000
0.000223872615607000
0.000232340433286000
0.000237821150222000
0.000209883975913000
0.000227245705901000
0.000205848191399000
0.000216398068005000
0.000221680893446000
0.000167736594449000
0.000185750817764000
0.000129436899442000
0.000165356192156000
0.000193526124349000
0.000166705984157000
0.000175704684807000
0.000237833402934000
0.000238180044107000
0.000225001305807000
0.000178847461939000
0.000160343173775000
0.000184484131751000
0.000191416285816000
0.000168121172464000
0.000150234845933000
0.000123793986859000
0.000170954503119000
0.000171654159203000
0.000160351541126000
0.000138538001920000
0.000112655267003000
0.000112262518087000
0.000115679678856000
0.000204673749977000
0.000176052111783000
0.000129685387947000
8.96471756278000e-05
7.04697522451000e-05
0.000125725346152000
0.000177940804861000
0.000171048552147000
0.000181361378054000
0.000179050184670000
0.000183377225767000
0.000169863153133000
0.000180292438017000
0.000164387092809000
0.000207993231015000
0.000206452663406000
0.000212005877984000
0.000212450962863000
0.000213558814721000
0.000232473918004000
0.000213529390749000
0.000221034992137000
0.000232509715715000
0.000223620692850000
0.000188005287782000
0.000263174355496000
0.000219949084567000
0.000186216711882000
0.000191386148799000
0.000164027718711000
0.000168425176525000
0.000146436053910000
-7.47928643250000e-05
-1.19984561024000e-05
0.000503337010741000
0.000356446515070000
0.000205376461963000
0.000261708861217000
0.000271021417575000
0.000422831973992000
0.000346646556864000
0.000109870219603000
0.000350389163941000
0.000362856488209000
0.000204737632885000
0.000328822265146000
0.000173407868715000
0.000178902962944000
0.000227756478125000
0.000254523707554000
0.000225730967941000
0.000202999915928000
0.000209010191611000
0.000245967879891000
0.000263241992798000
0.000242518013692000
0.000226512784138000
0.000231700629229000
0.000239250904997000
0.000243036090978000
0.000220841728151000
0.000204596726689000
0.000213580191485000
0.000236029387452000
0.000238747466938000
0.000226988631766000
0.000219361929339000
0.000236200066865000
0.000262340297922000
0.000255057471804000
0.000250783603406000
0.000249703647569000
0.000262783345534000
0.000259728112724000
0.000258703512372000
0.000249951932346000
0.000245855888352000
0.000244524329901000
0.000219581168494000
0.000205592339626000
0.000190536622540000
0.000184910270036000
0.000201445844141000
0.000205947275390000
0.000217850014451000
0.000246728130151000
0.000249302334851000
0.000239948043600000
0.000183630487300000
0.000165667617694000
0.000188753605471000
0.000195143715246000
0.000179196125828000
0.000153724249685000
0.000143277866300000
0.000171442283317000
0.000192298117327000
0.000175174165634000
0.000159687217092000
0.000120526390674000
0.000115679678856000
0.000135728740133000
0.000222895221668000
0.000221165872063000
0.000164000957739000
0.000121293334814000
7.91927304817000e-05
0.000161418531206000
0.000176640824066000
0.000172047177330000
0.000194582215045000
0.000217000633711000
0.000218134431634000
0.000216876069317000
0.000222704635235000
0.000183900410775000
0.000246470968705000
0.000239210712607000
0.000210672704270000
0.000223467490287000
0.000224268442253000
0.000254006852629000
0.000228417149629000
0.000238899665419000
0.000254308426520000
0.000263650668785000
0.000215265710722000
0.000233606697293000
0.000254585902439000
0.000238950058701000
0.000218796558329000
0.000160451483680000
0.000174422399141000
0.000105797589640000
-7.03184487065000e-05
-0.000131161286845000
0.000168453305378000
0.000739750103094000
0.000300990941469000
0.000409838685300000
0.000564944639336000
0.000564308546018000
0.000565584807191000
0.000326684094034000
0.000325577479089000
0.000303975859424000
0.000224952746066000
0.000221867347136000
0.000186757199117000
0.000183503914741000
0.000238101900322000
0.000265575799858000
0.000241044719587000
0.000222572285566000
0.000215911364648000
0.000257773237536000
0.000279612373561000
0.000261127104750000
0.000247369142016000
0.000241918372922000
0.000261293258518000
0.000258499261690000
0.000238808075665000
0.000225044481340000
0.000222387039685000
0.000250292650890000
0.000260004919255000
0.000249970267760000
0.000244052367634000
0.000247934047366000
0.000278472813079000
0.000282546709059000
0.000278260791674000
0.000277202168945000
0.000281948334305000
0.000289668649202000
0.000285142508801000
0.000275224185316000
0.000270020216703000
0.000268061849056000
0.000255428196397000
0.000228336430155000
0.000211902792216000
0.000204865340493000
0.000210675323615000
0.000228721430176000
0.000238920489210000
0.000256178871496000
0.000247184711043000
0.000210210404475000
0.000183578726137000
0.000171054431121000
0.000216869739234000
0.000214444851736000
0.000192288658582000
0.000175965498784000
0.000150400519487000
0.000184498843737000
0.000194068881683000
0.000194732128875000
0.000181540948688000
0.000144100413308000
0.000135728740133000
0.000200827911613000
0.000277852726867000
0.000287069939077000
0.000246933574090000
0.000205273419851000
0.000171409861650000
0.000147190119606000
0.000175323206349000
0.000153375774971000
0.000254255923210000
0.000275759608485000
0.000269812589977000
0.000250996265095000
0.000357560085831000
0.000247435760684000
0.000265811511781000
0.000270364718745000
0.000178364018211000
0.000234939710936000
0.000240057881456000
0.000256245577475000
0.000236128966208000
0.000227983386139000
0.000269833719358000
0.000292150012683000
0.000406209379435000
0.000341538630892000
0.000290977885015000
0.000235149345826000
0.000217772540054000
0.000209067206015000
0.000203965682886000
0.000191737621208000
0.000223611990805000
0.000221852038521000
0.000188033649465000
0.000693326815963000
0.000521404261235000
0.000462989817606000
0.000602296786383000
0.000535513856448000
0.000570284144487000
0.000477704015793000
0.000519294058904000
0.000191264145542000
0.000258754967945000
0.000642396335024000
0.000254148850217000
0.000214814252104000
0.000238587032072000
0.000279606931144000
0.000259317836026000
0.000245103990892000
0.000236886873608000
0.000259552092757000
0.000294329714961000
0.000278067454929000
0.000266556773568000
0.000259729858954000
0.000270192453172000
0.000274402176728000
0.000257163424976000
0.000245881237788000
0.000240501423832000
0.000257548323134000
0.000278296152828000
0.000269930838840000
0.000265721726464000
0.000265673967078000
0.000285706337309000
0.000303016306134000
0.000298702158034000
0.000297664839309000
0.000299929262837000
0.000308159796987000
0.000306497444399000
0.000295418809401000
0.000289106857963000
0.000287536327960000
0.000282866763882000
0.000254116428550000
0.000236204665271000
0.000227756128879000
0.000228759963647000
0.000245182221988000
0.000260567961959000
0.000266204355285000
0.000253018399235000
0.000237944288529000
0.000218555622268000
0.000208321929676000
0.000248222379014000
0.000252875528531000
0.000219759138417000
0.000223871713388000
0.000201439717785000
0.000187144993106000
0.000202658498893000
0.000188004487427000
0.000226669522817000
0.000200672264327000
0.000200827911613000
0.000257557258010000
0.000312665768433000
0.000336448691087000
0.000292188691674000
0.000266601447947000
0.000253087579040000
0.000227354481467000
0.000246142211836000
0.000242343856371000
0.000322862528265000
0.000344403088093000
0.000313248136081000
0.000292386772344000
0.000378321303288000
0.000302979577100000
0.000311659125146000
0.000288250914309000
0.000249148113653000
0.000240753754042000
0.000265568785835000
0.000279439380392000
0.000264336384134000
0.000283723173197000
0.000302315922454000
0.000349652429577000
0.000450301769888000
0.000436075235484000
0.000281938322587000
0.000227257201914000
0.000213950974285000
0.000167072037584000
0.000170147817698000
0.000168556813151000
0.000243045054958000
0.000227557873586000
0.000184488220839000
0.000743774231523000
0.000683693389874000
0.000559210835490000
0.000608829897828000
0.000534317223355000
0.000351243419573000
0.000384742714232000
0.000373960036086000
0.000134618137963000
0.000235521772993000
0.000608341302723000
0.000232526945183000
0.000253510399489000
0.000258088810369000
0.000270853488473000
0.000276353559457000
0.000287930131890000
0.000305629975628000
0.000329453090671000
0.000319874321576000
0.000282197172055000
0.000282057502773000
0.000286765192868000
0.000296193378745000
0.000283575966023000
0.000247776624747000
0.000252063531661000
0.000262221437879000
0.000278409686871000
0.000266264018137000
0.000242837370024000
0.000249806791544000
0.000260879402049000
0.000276148377452000
0.000283339904854000
0.000279960600892000
0.000279401661828000
0.000282302498817000
0.000288360228296000
0.000293421006063000
0.000307203998091000
0.000298409693642000
0.000294700876111000
0.000295558595099000
0.000280791020487000
0.000278578227153000
0.000272601930192000
0.000276106991805000
0.000289092276944000
0.000309177645249000
0.000279177940683000
0.000296831247397000
0.000285591959255000
0.000242494366830000
0.000234770384850000
0.000275111757219000
0.000286989845335000
0.000257745996350000
0.000256332568824000
0.000246055162279000
0.000239020097069000
0.000251784222201000
0.000249433243880000
0.000275413243799000
0.000257418112596000
0.000257557258010000
0.000321704137605000
0.000354840507498000
0.000368122360669000
0.000335687975166000
0.000312385323923000
0.000341555831255000
0.000313767144689000
0.000339819060173000
0.000408930442063000
0.000441911513917000
0.000423350284109000
0.000367665285012000
0.000328727939632000
0.000291916658171000
0.000347133202013000
0.000383179547498000
0.000332416821038000
0.000294387398753000
0.000346014945535000
0.000292271899525000
0.000323863845551000
0.000312364340061000
0.000331037008436000
0.000359431956895000
0.000417347240727000
0.000528514443431000
0.000367426517187000
0.000186049888725000
0.000178989299457000
0.000169380364241000
7.26161088096000e-05
0.000152006294229000
0.000158562310389000
0.000203188144951000
0.000192032661289000
8.15879539005000e-05
0.000699095311575000
0.000665774452500000
0.000653812719975000
0.000678214419167000
0.000558420375455000
0.000156386187882000
5.32673366251000e-05
9.98375326162000e-05
0.000116444862215000
0.000190912178368000
0.000252100173384000
0.000295298144920000
0.000320394377923000
0.000359316531103000
0.000316616264172000
0.000304854416754000
0.000299189472571000
0.000299628096400000
0.000306153291604000
0.000318788632285000
0.000293343240628000
0.000299957027892000
0.000297706865240000
0.000300200917991000
0.000307437585434000
0.000294838275295000
0.000288835755782000
0.000288527458906000
0.000294183730148000
0.000305840338115000
0.000277320999885000
0.000300108542433000
0.000303504697513000
0.000311090465402000
0.000322770851199000
0.000288250186713000
0.000317496509524000
0.000319735379890000
0.000325286120642000
0.000333887350280000
0.000321040599374000
0.000312008574838000
0.000308164104354000
0.000309100054437000
0.000314558739774000
0.000338206591550000
0.000282552704448000
0.000280788197415000
0.000288508832455000
0.000305668305373000
0.000303303153487000
0.000297619379126000
0.000288229319267000
0.000275169033557000
0.000258625717834000
0.000299268955132000
0.000315895042149000
0.000295285106404000
0.000278555380646000
0.000292565906420000
0.000292306242045000
0.000316190620651000
0.000350408256054000
0.000352288276190000
0.000321597064612000
0.000321704137605000
0.000331463932525000
0.000329897535266000
0.000351327325916000
0.000334630633006000
0.000315258046612000
0.000348845875124000
0.000240704786847000
0.000340292463079000
0.000377435586415000
0.000418913841713000
0.000408999796491000
0.000328758556861000
0.000307891576085000
0.000264862377662000
0.000281032174826000
0.000330244802171000
0.000297819060506000
0.000260815519141000
0.000247225951171000
0.000284094450762000
0.000317431113217000
0.000401351571782000
0.000346050335793000
0.000482024421217000
0.000554569880478000
0.000700281059835000
0.000418613897637000
0.000242080233875000
0.000249528937275000
0.000119743177493000
0.000103259837488000
0.000190065184142000
0.000378019409254000
0.000474305590615000
0.000154704946908000
2.34439503402000e-05
0.000489865895361000
0.000478998554172000
0.000294180965284000
0.000649124558549000
0.000460863811895000
2.52659028774000e-05
-2.39300538851000e-06
0.000128111030790000
0.000470532919280000
0.000224439674639000
0.000268012488959000
0.000310374278342000
0.000334746058797000
0.000341036386089000
0.000328671740135000
0.000317106372677000
0.000311624229653000
0.000312258955091000
0.000318994803820000
0.000331834715325000
0.000320746912621000
0.000313664379064000
0.000310958770569000
0.000313007505611000
0.000319789658533000
0.000311230192892000
0.000293738354230000
0.000294318771921000
0.000300866260659000
0.000313419644954000
0.000302780739730000
0.000301708205370000
0.000305672845570000
0.000313820492011000
0.000326074659824000
0.000309935683617000
0.000319894053973000
0.000322731008055000
0.000328870839439000
0.000338070822181000
0.000315124983899000
0.000315425655572000
0.000313528027618000
0.000316409335937000
0.000323818705510000
0.000306363857817000
0.000270690157777000
0.000271484750556000
0.000281745946268000
0.000301480700728000
0.000279137515463000
0.000308837159537000
0.000302094791550000
0.000291824806482000
0.000277899642242000
0.000292898359476000
0.000306832749629000
0.000296619051369000
0.000284003937850000
0.000302399334032000
0.000250629964285000
0.000307630602038000
0.000336553261150000
0.000350203539710000
0.000215580759686000
0.000331463932525000
0.000337712961482000
0.000309733557515000
0.000352405768353000
0.000330215843860000
0.000314972712658000
0.000352803384885000
0.000202138515306000
0.000346464570612000
0.000353108887793000
0.000396217365051000
0.000394912844058000
0.000271454657195000
0.000317986239679000
0.000264608330326000
0.000203124116524000
0.000293774559395000
0.000264209113084000
0.000255765276961000
0.000226923017181000
0.000241595582338000
0.000344291765941000
0.000517991487868000
0.000460007373476000
0.000548658077605000
0.000629494839814000
0.000807983917184000
0.000625457148999000
0.000347226625308000
0.000167599529959000
-7.14395901014000e-06
4.69729675387000e-05
0.000109450120362000
0.000214590647374000
0.000152801512741000
9.97623938019000e-05
-3.52318056684000e-05
0.000172998858034000
0.000367784086848000
0.000205902295420000
0.000577009224799000
0.000319872720866000
-0.000144767880556000
-3.32943272952000e-05
2.08476394619000e-05
0.000224892704864000
0.000251457822742000
0.000289960094960000
0.000323965825373000
0.000347501423676000
0.000353000184987000
0.000340369355399000
0.000329462054651000
0.000346661166986000
0.000338939280482000
0.000337319943355000
0.000341784820193000
0.000336054828949000
0.000339730235282000
0.000332120485837000
0.000329268135829000
0.000331144110532000
0.000325920904288000
0.000331364513841000
0.000324042310240000
0.000322704960126000
0.000327329005813000
0.000317352358252000
0.000334028416546000
0.000329910195433000
0.000329976115609000
0.000334169715643000
0.000320354156429000
0.000333798961947000
0.000331397430273000
0.000332275521941000
0.000336332683219000
0.000319933227729000
0.000320738588925000
0.000316318648402000
0.000316658668453000
0.000321660685586000
0.000310799776344000
0.000301872933051000
0.000294927624054000
0.000297487335047000
0.000309489958454000
0.000285511923721000
0.000316201068927000
0.000312113232212000
0.000304530665744000
0.000293334189337000
0.000295711623039000
0.000307548645651000
0.000297527905786000
0.000287748582195000
0.000310414412525000
0.000228624776355000
0.000318692706060000
0.000323524116538000
0.000344619911630000
0.000337664620019000
0.000337712961482000
0.000340451224474000
0.000353335839463000
0.000361488695489000
0.000338392012054000
0.000311354815494000
0.000353428418748000
0.000360964710126000
0.000365876447177000
0.000348946952727000
0.000373784452677000
0.000381089485018000
0.000354948366294000
0.000334592361469000
0.000280035659671000
0.000226145013585000
0.000273768993793000
0.000258229149040000
0.000249074015301000
0.000226192219998000
0.000226091069635000
0.000345949723851000
0.000205285425182000
0.000434668007074000
0.000527777476236000
0.000625058135483000
0.000852171448059000
0.000853180419654000
0.000638702418655000
0.000124128288007000
-0.000157800575835000
-9.65210128925000e-05
-0.000202419367270000
-0.000152292181156000
2.86815502477000e-05
-1.29757036120000e-05
-5.98928309046000e-05
-0.000186423159903000
0.000199479152798000
5.36182778887000e-05
0.000534368562512000
0.000134974019602000
-0.000335383869242000
-4.98702866025000e-05
-4.88318946736000e-05
0.000169548919075000
0.000271863915259000
0.000310013623675000
0.000337999139447000
0.000358772173058000
0.000363435887266000
0.000349977286533000
0.000338244193699000
0.000365746236639000
0.000357433018507000
0.000351759808837000
0.000352180271875000
0.000350620131940000
0.000356667878805000
0.000348506582668000
0.000342995219398000
0.000342227547662000
0.000340092956321000
0.000349040201399000
0.000340818427503000
0.000335994263878000
0.000337142671924000
0.000331287883455000
0.000348762114299000
0.000343194318702000
0.000339538557455000
0.000340015278198000
0.000330885930452000
0.000342624145560000
0.000338605022989000
0.000337210512953000
0.000338998361258000
0.000325758504914000
0.000326143024722000
0.000320842518704000
0.000320935243508000
0.000325699016685000
0.000315622077323000
0.000311371841235000
0.000302423635731000
0.000302421656670000
0.000311865704134000
0.000292187498417000
0.000320107035805000
0.000318292819429000
0.000313375610858000
0.000304871646222000
0.000307044218061000
0.000317518948577000
0.000307087640977000
0.000289674877422000
0.000316611112794000
0.000326460576616000
0.000332887750119000
0.000323569605825000
0.000335525546689000
0.000340434111422000
0.000340451224474000
0.000339721504133000
0.000352005328750000
0.000359600235242000
0.000362526305253000
0.000304574554320000
0.000350789690856000
0.000357933808118000
0.000362522172509000
0.000364559673471000
0.000351489026798000
0.000367648783140000
0.000345834967447000
0.000329925300321000
0.000319778017001000
0.000251751131145000
0.000270108081168000
0.000253359525232000
0.000242875685217000
0.000238548600464000
0.000219190987991000
0.000341889302945000
0.000138257775689000
0.000411509507103000
0.000438161077909000
0.000596335798036000
0.000766430981457000
0.000768449099269000
0.000799286935944000
5.71078926441000e-05
-0.000234115024796000
-0.000265866983682000
-0.000128306317492000
-0.000120308803162000
-0.000100169236248000
-1.72034397110000e-05
-4.72532738058000e-05
-3.00338633679000e-05
0.000241016939981000
0.000309939990984000
0.000652179471217000
-3.11547846650000e-05
-0.000122606375953000
-0.000120761120343000
-8.95349076018000e-05
0.000121360339108000
0.000285399029963000
0.000323455053149000
0.000351088005118000
0.000368524808437000
0.000372381909983000
0.000358094810508000
0.000345535867382000
0.000376293930458000
0.000375309435185000
0.000365542713553000
0.000361856247764000
0.000364465930033000
0.000368412525859000
0.000364482868463000
0.000356280710548000
0.000352815666702000
0.000353769690264000
0.000360660284059000
0.000357071752660000
0.000348725705408000
0.000346347020241000
0.000344614119967000
0.000358278775821000
0.000356664299034000
0.000349257752532000
0.000345950567862000
0.000341507489793000
0.000350300804712000
0.000346843735315000
0.000343159394106000
0.000342605024343000
0.000332524767146000
0.000333371805027000
0.000325754925143000
0.000325590139255000
0.000330052367644000
0.000320759369060000
0.000319798651617000
0.000310264033033000
0.000307672074996000
0.000314531178446000
0.000299152830848000
0.000323628657497000
0.000320680323057000
0.000318409671308000
0.000312555173878000
0.000309921975713000
0.000326337933075000
0.000326691224473000
0.000289932591841000
0.000321000989061000
0.000329843343934000
0.000335274904501000
0.000337314879289000
0.000322934181895000
0.000339679041645000
0.000339721504133000
0.000335418939358000
0.000347210676409000
0.000354201009031000
0.000356543256203000
0.000336666940711000
0.000344709755154000
0.000351609953213000
0.000355835421942000
0.000357505807187000
0.000349539885065000
0.000354270188836000
0.000336969242198000
0.000325521832565000
0.000319790764479000
0.000299933657516000
0.000283034954919000
0.000264771457296000
0.000253141974099000
0.000247473712079000
0.000243418835453000
0.000332110503223000
6.55119147268000e-05
0.000383082660846000
0.000400065880967000
0.000456389650935000
0.000610169896390000
0.00102697580587000
0.000754788168706000
0.000550472119357000
-0.000265015725745000
-0.000216767803067000
-0.000126391518279000
-0.000123510675621000
-7.27581864339000e-05
0.000246863230132000
6.92637840984000e-05
-0.000390631583286000
-0.000139824318467000
0.000188234713278000
0.000588897964917000
-1.90844893950000e-05
-0.000121827128169000
-0.000175665729330000
-0.000125676029711000
3.94863200199000e-05
0.000292586744763000
0.000330145208864000
0.000357564771548000
0.000374649913283000
0.000379849487217000
0.000364721840015000
0.000351337104803000
0.000385376275517000
0.000385711289709000
0.000378574070055000
0.000370812689653000
0.000377592223231000
0.000379449746106000
0.000376649259124000
0.000369044806575000
0.000362908409443000
0.000366951047909000
0.000371795700630000
0.000368819164578000
0.000360823672963000
0.000354942050762000
0.000357331009582000
0.000367220985936000
0.000365848303773000
0.000359015160939000
0.000351975613739000
0.000352218747139000
0.000358126242645000
0.000355615920853000
0.000349975540303000
0.000347152643371000
0.000340231985319000
0.000341602106346000
0.000335869292030000
0.000330493494403000
0.000334720709361000
0.000326211680658000
0.000328571768478000
0.000321155879647000
0.000313187949359000
0.000317486381391000
0.000306407891912000
0.000327497371472000
0.000325010303641000
0.000319563492667000
0.000316384801408000
0.000308936258079000
0.000331318064127000
0.000332276045810000
0.000318199803587000
0.000323563319398000
0.000331437564455000
0.000335843738867000
0.000336878787493000
0.000328527588863000
0.000335399439791000
0.000335418939358000
0.000372784095816000
0.000360031554010000
0.000342402810929000
0.000320683640894000
0.000293973222142000
0.000335223681759000
0.000378319004085000
0.000373322516680000
0.000366385560483000
0.000356617034413000
0.000340918457368000
0.000396453309804000
0.000399370735977000
0.000408820662415000
0.000423911988037000
0.000420609925641000
0.000392599235056000
0.000382747472031000
0.000379364442779000
0.000382377300411000
0.000412220251746000
0.000144427889609000
0.000131274646265000
0.000112549256301000
8.63735549501000e-05
5.46822266188000e-05
0.000767336576246000
-0.000641820777673000
-0.000657559023239000
-0.00115444289986000
-0.000382493191864000
-5.94071534579000e-05
-7.48339734855000e-05
8.44623718876000e-05
0.000261314096861000
0.000173612017534000
-0.000118306612421000
6.81712772348000e-05
0.000551797100343000
0.00121109944303000
-5.36040752195000e-05
-7.94843363110000e-05
-5.59738691663000e-05
1.30286871354000e-05
0.000131443957798000
0.000293066928862000
0.000330432842020000
0.000357528275345000
0.000374144932721000
0.000380681070965000
0.000369872286683000
0.000384820188629000
0.000392974034185000
0.000394555245293000
0.000389397086110000
0.000379086879548000
0.000386857747799000
0.000389770342736000
0.000388029700844000
0.000381474470487000
0.000372539507225000
0.000380015757401000
0.000382437778171000
0.000380004610633000
0.000372552254703000
0.000362959195627000
0.000371824629838000
0.000375556322979000
0.000374369090423000
0.000368093169527000
0.000358139950549000
0.000364018545952000
0.000366041116649000
0.000364436593372000
0.000359017169103000
0.000352701899828000
0.000352776172804000
0.000350769696524000
0.000346887158230000
0.000340934609994000
0.000339749327395000
0.000340188038535000
0.000337658711942000
0.000332309951773000
0.000323982560076000
0.000320740800817000
0.000328732567141000
0.000331654679030000
0.000329615228111000
0.000322507927194000
0.000316338875564000
0.000312569201924000
0.000301363994367000
0.000285882153548000
0.000265989510808000
0.000324286520481000
0.000339165329933000
0.000326552020852000
0.000310847099172000
0.000291574076982000
0.000327472371282000
0.000372784095816000
0.000344344764017000
0.000351868773578000
0.000354499410605000
0.000352514558472000
0.000345883134287000
0.000334359152475000
0.000343540217727000
0.000356780394213000
0.000356979231583000
0.000354660267476000
0.000349590438418000
0.000372164475266000
0.000344922620570000
0.000346417044057000
0.000353808107320000
0.000367002154235000
0.000454965949757000
0.000322794105159000
0.000316907768138000
0.000317331607221000
0.000324431457557000
0.000294694094919000
0.000334845419275000
0.000331897579599000
0.000322951062117000
0.000307876296574000
0.000679376360495000
0.000371349393390000
-0.000488939054776000
-0.000761072966270000
-0.000518069951795000
-4.75672059110000e-05
5.46095288882000e-05
-4.27380327892000e-05
-4.58882777821000e-06
0.000249340373557000
-5.94291168454000e-06
0.000395503127947000
0.00143875193316000
0.00136077974457000
0.000436832749983000
0.000318801088724000
0.000241624467890000
0.000212955899769000
0.000136481787194000
0.000303262757370000
0.000339128018823000
0.000364910723874000
0.000380276062060000
0.000385379418731000
0.000380361685529000
0.000364206149243000
0.000403406796977000
0.000405358587159000
0.000400635501137000
0.000389170803828000
0.000401048426284000
0.000400310294935000
0.000398963602493000
0.000392862188164000
0.000381951918826000
0.000390842207707000
0.000392843678128000
0.000390514847822000
0.000383228587452000
0.000370931637008000
0.000380463956390000
0.000385129445931000
0.000383923324989000
0.000377698714146000
0.000366382766515000
0.000374938128516000
0.000376351323212000
0.000374805560568000
0.000369519373635000
0.000360417674528000
0.000361151731340000
0.000362250983017000
0.000358577410225000
0.000352900620783000
0.000345176551491000
0.000342519400874000
0.000348086730810000
0.000342856044881000
0.000334690121235000
0.000323597225361000
0.000324737426126000
0.000338769139489000
0.000335867458489000
0.000327922200086000
0.000314954522764000
0.000304967310512000
0.000335203221766000
0.000334827200277000
0.000330099865096000
0.000321005936712000
0.000281033397187000
0.000341901642969000
0.000339610152878000
0.000333935138769000
0.000324746128172000
0.000344344764017000
0.000414150650613000
0.000411658373196000
0.000404197955504000
0.000392216374166000
0.000375623785658000
0.000354061892722000
0.000377659162041000
0.000413872738136000
0.000411442830227000
0.000406569335610000
0.000398845790187000
0.000419264804805000
0.000424023688538000
0.000424633180955000
0.000431257940363000
0.000443548138719000
0.000464745826321000
0.000381264369935000
0.000380671292078000
0.000386501778848000
0.000398907082854000
0.000424661993748000
0.000365468004020000
0.000350517773768000
0.000328895403072000
0.000301461550407000
0.000955998955760000
0.000796099717263000
0.000145993908518000
0.000144609977724000
-0.000430180807598000
6.12145886407000e-05
4.83008916490000e-05
0.000246050418355000
0.000291123200441000
0.000270911230473000
-0.000162763157277000
0.000546235591173000
0.000953223556280000
0.00121488177683000
0.000487789337058000
0.000388143409509000
0.000301301275613000
0.000263432564680000
0.000273352226941000
0.000338964164257000
0.000371466536308000
0.000393853639252000
0.000405862665502000
0.000407629384426000
0.000399236276280000
0.000382785656257000
0.000420696975198000
0.000421510398155000
0.000415665446781000
0.000403057551011000
0.000409808912082000
0.000411690649344000
0.000409637665143000
0.000402838864829000
0.000391220732126000
0.000399285811000000
0.000402930658311000
0.000400066375732000
0.000392252026359000
0.000379418546800000
0.000389647029806000
0.000397470634198000
0.000396082381485000
0.000389688328141000
0.000378188618924000
0.000388706626836000
0.000391047244193000
0.000388114101952000
0.000381454126909000
0.000370960769942000
0.000379497592803000
0.000377108983230000
0.000370591442334000
0.000362080580089000
0.000351506139850000
0.000362109160051000
0.000360583624570000
0.000351749040419000
0.000339981925208000
0.000325277302181000
0.000341489125276000
0.000351230090018000
0.000344966101693000
0.000333662668709000
0.000317322992487000
0.000331020361045000
0.000344932719599000
0.000337678502547000
0.000326056033373000
0.000310063420329000
0.000317206286127000
0.000368488777895000
0.000361352489563000
0.000350851274561000
0.000336797063937000
0.000414150650613000
0.000350551941665000
0.000340098980814000
0.000339295336744000
0.000350861082552000
0.000357663229806000
0.000359775032848000
0.000368885579519000
0.000335092307068000
0.000346395187080000
0.000355012016371000
0.000361059006536000
0.000367178814486000
0.000328198686475000
0.000333092728397000
0.000343677034834000
0.000360158650437000
0.000366854190361000
0.000354625110049000
0.000340154918376000
0.000331983290380000
0.000330278882757000
0.000361951126251000
0.000392212881707000
0.000364857754903000
0.000331353337970000
0.000291519943858000
0.000235984916799000
0.000202664406970000
-0.000161079035024000
-0.00115815328900000
-0.000333961565048000
-1.19672440633000e-05
0.000308584480081000
0.000425029807957000
0.000372015230823000
0.000304686487652000
0.000426729966421000
0.000526584859472000
0.000819730863441000
0.00116398348473000
0.000529747980181000
0.000437276350567000
0.000357522047125000
0.000309950846713000
0.000310757983243000
0.000360127305612000
0.000339323480148000
0.000395567651140000
0.000408649386372000
0.000411375862313000
0.000403881014790000
0.000394851958845000
0.000427152845077000
0.000428125524195000
0.000422425800934000
0.000410012638895000
0.000416002934799000
0.000421772274422000
0.000420216907514000
0.000413919566199000
0.000402836216381000
0.000409454776673000
0.000411093293224000
0.000409819360357000
0.000403599871788000
0.000392395391827000
0.000400257908041000
0.000398599193431000
0.000398957927246000
0.000394289265387000
0.000384568294976000
0.000391633133404000
0.000384330749512000
0.000385353807360000
0.000382614438422000
0.000376100884750000
0.000379089819035000
0.000368815817637000
0.000368982233340000
0.000367130793165000
0.000363263126928000
0.000366030784789000
0.000357405428076000
0.000357168377377000
0.000354006740963000
0.000347926281393000
0.000355427298928000
0.000347502529621000
0.000350572867319000
0.000348603003658000
0.000341614504578000
0.000348787172697000
0.000341265345924000
0.000349125853973000
0.000352610542905000
0.000351765454980000
0.000350563175743000
0.000338974758051000
0.000346259272192000
0.000350099697243000
0.000350533868186000
0.000350551941665000
0.000359936995665000
0.000350034941221000
0.000345292151906000
0.000352232658770000
0.000363408180419000
0.000369836576283000
0.000372516689822000
0.000342414510669000
0.000347204244463000
0.000360173231456000
0.000370603258489000
0.000370472116629000
0.000338319048751000
0.000336443074048000
0.000348310364643000
0.000366256368579000
0.000369646790205000
0.000363896251656000
0.000348069122992000
0.000336925761076000
0.000332694267854000
0.000365892541595000
0.000395589857362000
0.000375335133867000
0.000329539820086000
0.000278083025478000
0.000233586484683000
0.000195008135051000
4.21719014412000e-05
-0.000685760867782000
-0.000229412486078000
3.96263567382000e-05
0.000303726963466000
0.000517564767506000
0.000465111632366000
0.000350666115992000
0.000438263348769000
0.000541388872080000
0.000701663841028000
0.00110438396223000
0.000562488858122000
0.000477127439808000
0.000406151142670000
0.000353026494849000
0.000344330794178000
0.000384697748814000
0.000375046336558000
0.000411682238337000
0.000420858355938000
0.000422078184783000
0.000413150526583000
0.000406993058277000
0.000436803617049000
0.000436999951489000
0.000430729560321000
0.000417746574385000
0.000424125813879000
0.000430696760304000
0.000428089872003000
0.000421612639911000
0.000410348962760000
0.000416922557633000
0.000419003132265000
0.000416693917941000
0.000410856911913000
0.000400040356908000
0.000407163053751000
0.000405726575991000
0.000404781865655000
0.000400760007324000
0.000391686568037000
0.000397378840717000
0.000390720088035000
0.000390005443478000
0.000388167653000000
0.000382549391361000
0.000383703678381000
0.000374760653358000
0.000373186630895000
0.000372572045308000
0.000369941379176000
0.000370416208170000
0.000363176106475000
0.000361820333637000
0.000360280217137000
0.000355850090273000
0.000360773672583000
0.000353484152583000
0.000355101423338000
0.000355199619662000
0.000350311427610000
0.000354898773367000
0.000347197783412000
0.000352235190803000
0.000358255987521000
0.000359914294677000
0.000355391093763000
0.000345299922628000
0.000348873523762000
0.000356116797775000
0.000359914789442000
0.000359936995665000
0.000367337313946000
0.000357873621397000
0.000353637122316000
0.000354566785973000
0.000366884050891000
0.000377735152142000
0.000373991439119000
0.000352860632120000
0.000350473128492000
0.000363728613593000
0.000378518656362000
0.000372128852177000
0.000350661808625000
0.000342605228070000
0.000351642782334000
0.000370777532225000
0.000370886264136000
0.000370049412595000
0.000352278613718000
0.000335976219503000
0.000328458845615000
0.000363400846254000
0.000383459642762000
0.000373964634491000
0.000323461776134000
0.000259292864939000
0.000225566618610000
0.000205077361898000
0.000167297941516000
-0.000248330296017000
-0.000117737814435000
9.95498339762000e-05
0.000310695060762000
0.000517569307704000
0.000572767283302000
0.000409028638387000
0.000462001131382000
0.000530680466909000
0.000615666445810000
0.000954558374360000
0.000587768561672000
0.000508370518219000
0.000444107310614000
0.000394115166273000
0.000374405266484000
0.000404850987252000
0.000406391016440000
0.000425380334491000
0.000430611195043000
0.000430257088738000
0.000419794145273000
0.000416429800680000
0.000444082426839000
0.000444152858108000
0.000437106355093000
0.000423530320404000
0.000430323852925000
0.000438074959675000
0.000435003428720000
0.000427666964242000
0.000416207476519000
0.000422770885052000
0.000425890902989000
0.000422706536483000
0.000416476512328000
0.000406027189456000
0.000412451045122000
0.000412144057918000
0.000409952073824000
0.000405827682698000
0.000397393334424000
0.000401744939154000
0.000397001596866000
0.000394600792788000
0.000392702553654000
0.000387991545722000
0.000387317326386000
0.000381074583856000
0.000377541669877000
0.000376919138944000
0.000375529809389000
0.000373718270566000
0.000369054090697000
0.000365938758478000
0.000364950945368000
0.000362123595551000
0.000364504521713000
0.000359500583727000
0.000358906661859000
0.000359995901817000
0.000357158860425000
0.000359186669812000
0.000353848474333000
0.000355022173608000
0.000361661310308000
0.000365893414710000
0.000358013377991000
0.000352897593984000
0.000352028058842000
0.000360092788469000
0.000367333210306000
0.000367337313946000
0.000372651178623000
0.000363682891475000
0.000359910860425000
0.000361365324352000
0.000368010922102000
0.000383286358556000
0.000373092014343000
0.000360998499673000
0.000359966186807000
0.000365667103324000
0.000384837971069000
0.000372166949091000
0.000361401733244000
0.000355602940544000
0.000353780051228000
0.000374158262275000
0.000380281009711000
0.000374979514163000
0.000357959215762000
0.000329367263475000
0.000318711157888000
0.000355348951416000
0.000365629821317000
0.000351900409441000
0.000313679920509000
0.000236948879319000
0.000214102561586000
0.000211283957469000
0.000187574929441000
0.000156940877787000
4.64306549475000e-06
2.62407538685000e-05
1.80311817530000e-05
4.89304227358000e-07
0.000629025977105000
0.000480145798065000
0.000651183363516000
0.000723308243323000
0.000812569400296000
0.000649029621854000
0.000603408436291000
0.000531422323547000
0.000473362073535000
0.000430240499554000
0.000401191733545000
0.000421896082116000
0.000434661546024000
0.000435635738540000
0.000437440030510000
0.000435968511738000
0.000423979596235000
0.000423439079896000
0.000448869075626000
0.000449239130830000
0.000441508833319000
0.000427349674283000
0.000434552755905000
0.000443494587671000
0.000441241863882000
0.000432037952123000
0.000420390715590000
0.000428454746725000
0.000431110238424000
0.000428462168202000
0.000420417607529000
0.000410346314311000
0.000415390531998000
0.000416898226831000
0.000414940965129000
0.000409455795307000
0.000401668861741000
0.000404666527174000
0.000401857570978000
0.000399767042836000
0.000396191870095000
0.000392390706111000
0.000389879307477000
0.000386353203794000
0.000383284263080000
0.000380150042474000
0.000380007521017000
0.000375899020582000
0.000373824848793000
0.000370879773982000
0.000368000444723000
0.000366796652088000
0.000366616237443000
0.000363903760444000
0.000363195984391000
0.000362973805750000
0.000362210848834000
0.000361662590876000
0.000358687859261000
0.000359780911822000
0.000362785824109000
0.000369588844478000
0.000358347868314000
0.000358238612534000
0.000358229241101000
0.000361968937796000
0.000372652633814000
0.000372651178623000
0.000375847623218000
0.000367385451682000
0.000364145234926000
0.000366084510460000
0.000373233226128000
0.000386470666854000
0.000373265298549000
0.000366842548829000
0.000367141969036000
0.000374178140191000
0.000389544380596000
0.000378011434805000
0.000370513676899000
0.000366991589544000
0.000367420085240000
0.000376394687919000
0.000383253965992000
0.000378587312298000
0.000362412014510000
0.000334592303261000
0.000303468230413000
0.000334930082317000
0.000341754435794000
0.000324114080286000
0.000281699030893000
0.000211107282666000
0.000215342457523000
0.000212950399145000
0.000203974195756000
0.000187929632375000
0.000135160546051000
0.000217369466554000
0.000280163571006000
0.000338000565534000
0.000390748173231000
0.000563097361010000
0.000581840635277000
0.000591080926824000
0.000615910568740000
0.000656734919176000
0.000610773218796000
0.000545333372429000
0.000494261155836000
0.000457630463643000
0.000435463502072000
0.000435661553638000
0.000440686970251000
0.000442403863417000
0.000440812698798000
0.000435887457570000
0.000425680394983000
0.000442488322733000
0.000451182859251000
0.000451823521871000
0.000444405683083000
0.000429190171417000
0.000441560929175000
0.000446985213785000
0.000445514073363000
0.000437144975876000
0.000422886427259000
0.000431478896644000
0.000434685585788000
0.000432542816270000
0.000425047473982000
0.000412985245930000
0.000418255134718000
0.000420005439082000
0.000418260024162000
0.000413016998209000
0.000404501799494000
0.000405636063078000
0.000405300583225000
0.000403502170229000
0.000400241377065000
0.000395736889914000
0.000393190770410000
0.000390611938201000
0.000387987500289000
0.000385319959605000
0.000383361766580000
0.000380381505238000
0.000377503165510000
0.000374709226890000
0.000372000533389000
0.000369847286493000
0.000368024688214000
0.000366700667655000
0.000365865766071000
0.000365523708751000
0.000365439220332000
0.000362624821719000
0.000361723126844000
0.000362721242709000
0.000365629879525000
0.000370985246263000
0.000364274310414000
0.000361346348654000
0.000362164922990000
0.000366751541151000
0.000375852570869000
0.000375847623218000
0.000375254923711000
0.000366528664017000
0.000362968654372000
0.000364626990631000
0.000371487782104000
0.000383502017939000
0.000367758271750000
0.000361838348908000
0.000361072161468000
0.000367016764358000
0.000379697594326000
0.000363904488040000
0.000360231380910000
0.000355325959390000
0.000354321295163000
0.000357377866749000
0.000356461969204000
0.000364737585187000
0.000348248868249000
0.000320071674651000
0.000280576728983000
0.000328396359691000
0.000326492678141000
0.000307107460685000
0.000262870918959000
0.000194633001229000
0.000227531068958000
0.000190558639588000
0.000153784058057000
0.000109505148430000
5.97150356043000e-05
0.000245073519181000
0.000229811194004000
0.000337801233400000
0.000440536212409000
0.000538708642125000
0.000362469931133000
0.000516225583851000
0.000557675666641000
0.000615280820057000
0.000687894935254000
0.000585169240367000
0.000506908923853000
0.000458714639535000
0.000424988829764000
0.000405565719120000
0.000441056996351000
0.000433844048530000
0.000435874564573000
0.000434565154137000
0.000430001236964000
0.000433766370406000
0.000457058282336000
0.000457721180283000
0.000450336723588000
0.000434866116848000
0.000443017925136000
0.000453099783044000
0.000451436819276000
0.000442885764642000
0.000427405349910000
0.000435942405602000
0.000440875126515000
0.000438470859081000
0.000430719723227000
0.000417596835177000
0.000424255675171000
0.000425620964961000
0.000423542223871000
0.000417967385147000
0.000408884399803000
0.000411386805354000
0.000409810367273000
0.000407641200582000
0.000404005899327000
0.000398901669541000
0.000395798677346000
0.000394331000280000
0.000391370442230000
0.000388359942008000
0.000385301187634000
0.000380558340112000
0.000380532670533000
0.000377497635782000
0.000374542636564000
0.000371671805624000
0.000369577173842000
0.000368775945390000
0.000367868575267000
0.000367449159967000
0.000367519940482000
0.000364035688108000
0.000362697872333000
0.000363570055924000
0.000366345077055000
0.000371014786651000
0.000357861601515000
0.000361568003427000
0.000362036604201000
0.000366266292986000
0.000374222727260000
0.000375254923711000
0.000360108708264000
0.000366553111235000
0.000361165759386000
0.000357353565050000
0.000358761433745000
0.000365306070307000
0.000357989541953000
0.000370231951820000
0.000363951869076000
0.000364448758774000
0.000371627480490000
0.000366654421668000
0.000388804852264000
0.000379396253265000
0.000374026596546000
0.000372615497326000
0.000381371180993000
0.000411385844927000
0.000395058887079000
0.000367244269000000
0.000328029709635000
0.000381890364224000
0.000386450468795000
0.000375253963284000
0.000339268619427000
0.000279293773929000
0.000352913339157000
0.000317503843689000
0.000321622879710000
0.000318332109600000
0.000309336552164000
0.000347214925569000
0.000330583512550000
0.000418388430262000
0.000500732276123000
0.000577989150770000
0.000387007574318000
0.000456125766505000
0.000473963853437000
0.000507967139129000
0.000556966406293000
0.000489894766361000
0.000473300460726000
0.000448790495284000
0.000439078896306000
0.000443671044195000
0.000471938517876000
0.000458817172330000
0.000452906650025000
0.000443682511104000
0.000431186694186000
0.000444724893896000
0.000467483012471000
0.000464610086055000
0.000453690998256000
0.000434705812950000
0.000447495578555000
0.000461536459625000
0.000458117370727000
0.000447821250418000
0.000430610409239000
0.000442497665063000
0.000447006983450000
0.000444039673312000
0.000435725145508000
0.000422054494265000
0.000430534244515000
0.000429264997365000
0.000427344231866000
0.000421913777245000
0.000412989989854000
0.000416251044953000
0.000411527493270000
0.000409890897572000
0.000406771432608000
0.000402192061301000
0.000400204735342000
0.000395090813981000
0.000392629037378000
0.000390106055420000
0.000387540290831000
0.000384402083000000
0.000381212827051000
0.000378129741875000
0.000375119387172000
0.000372201000573000
0.000371421599993000
0.000369075161871000
0.000366831809515000
0.000365061394405000
0.000363789527910000
0.000362160993973000
0.000360945065040000
0.000358994380804000
0.000358930585207000
0.000360764010111000
0.000353759998688000
0.000358027842594000
0.000354973628419000
0.000355679658242000
0.000360109639587000
0.000360108708264000
0.000350516842445000
0.000357226090273000
0.000359071447747000
0.000351733062416000
0.000349592592102000
0.000352598814061000
0.000348917994415000
0.000371418165741000
0.000360943289706000
0.000357236363925000
0.000360224075848000
0.000359431607649000
0.000397422729293000
0.000384034705348000
0.000374715076759000
0.000369357614545000
0.000381712277886000
0.000428546540206000
0.000411939487094000
0.000383979786420000
0.000344512023730000
0.000398577540182000
0.000416119204601000
0.000409440486692000
0.000378341122996000
0.000322824140312000
0.000392460147850000
0.000372562732082000
0.000381353078410000
0.000383317266824000
0.000378898490453000
0.000409619999118000
0.000319768761983000
0.000410575390561000
0.000495849817526000
0.000576123245992000
0.000391177425627000
0.000408241612604000
0.000434813788161000
0.000477056164527000
0.000534910475835000
0.000460203853436000
0.000455117085949000
0.000436684087617000
0.000432879809523000
0.000443585042376000
0.000466827099444000
0.000463243981358000
0.000455427565612000
0.000444339093519000
0.000429914565757000
0.000445988902356000
0.000473410123959000
0.000468377984362000
0.000455332250567000
0.000434185029007000
0.000449564133305000
0.000466895930003000
0.000462153897388000
0.000450558552984000
0.000432029162766000
0.000445282843430000
0.000451643893030000
0.000448076723842000
0.000439186551375000
0.000424917147029000
0.000433761801105000
0.000432806875324000
0.000430730346125000
0.000425166159403000
0.000416083552409000
0.000419151852839000
0.000413695524912000
0.000412089168094000
0.000409016414778000
0.000404460501159000
0.000402186065912000
0.000396267336328000
0.000393808062654000
0.000391299341572000
0.000388726359233000
0.000385464023566000
0.000382050406188000
0.000378759956220000
0.000375554256607000
0.000372415699530000
0.000371769972844000
0.000369507470168000
0.000366443389794000
0.000363862985978000
0.000361753598554000
0.000360867823474000
0.000360141944839000
0.000356445991201000
0.000354641204467000
0.000354707794031000
0.000349823560100000
0.000355901895091000
0.000350371905370000
0.000348590081558000
0.000350524991518000
0.000350516842445000
0.000341058446793000
0.000348031753674000
0.000350126414560000
0.000346293294569000
0.000340599508490000
0.000340081023751000
0.000340035912814000
0.000362053251592000
0.000357957440428000
0.000350031914422000
0.000348821427906000
0.000352209579432000
0.000391850888263000
0.000388192042010000
0.000374880910385000
0.000365537911421000
0.000381491583539000
0.000428981875302000
0.000427496474003000
0.000399241078412000
0.000359530240530000
0.000413800618844000
0.000427729217336000
0.000441728974693000
0.000415189657360000
0.000364370207535000
0.000430022686487000
0.000402896315791000
0.000435318070231000
0.000442173128249000
0.000442717748228000
0.000466282421257000
0.000369572284399000
0.000407695799368000
0.000496231310535000
0.000579506566282000
0.000400596531108000
0.000416496768594000
0.000403500191169000
0.000454389024526000
0.000520697736647000
0.000438356044469000
0.000444257573690000
0.000422648852691000
0.000424811383709000
0.000441493291873000
0.000459709961433000
0.000459583825432000
0.000454573630122000
0.000441553274868000
0.000425257603638000
0.000443868077127000
0.000469885242637000
0.000469411141239000
0.000454190594610000
0.000430904765381000
0.000448873179266000
0.000465041550342000
0.000464046926936000
0.000451116007753000
0.000431274966104000
0.000445895071607000
0.000451679923572000
0.000450460705906000
0.000440964067820000
0.000426106911618000
0.000435316469520000
0.000434091169154000
0.000432933302363000
0.000427212449722000
0.000417986826506000
0.000420862343162000
0.000415407033870000
0.000413496774854000
0.000410454551456000
0.000405941420468000
0.000403379875934000
0.000397418858483000
0.000394392263843000
0.000391882698750000
0.000389324821299000
0.000385938357795000
0.000381966703571000
0.000378789962269000
0.000375369156245000
0.000372037640773000
0.000371525558876000
0.000367931876099000
0.000365561223589000
0.000362151622539000
0.000359237776138000
0.000359094847227000
0.000356681877747000
0.000353899173206000
0.000350335496478000
0.000348675384885000
0.000345910928445000
0.000349518784788000
0.000345883425325000
0.000341603939887000
0.000341073813615000
0.000341058446793000
0.000331733521307000
0.000339004647685000
0.000341363134794000
0.000338843412464000
0.000331802788423000
0.000327752728481000
0.000331343355356000
0.000352943054168000
0.000351949187461000
0.000342824612744000
0.000337419565767000
0.000344988337019000
0.000386349216569000
0.000387744425097000
0.000374465394998000
0.000361156446161000
0.000380709097954000
0.000428911007475000
0.000433720008004000
0.000413043278968000
0.000373084301827000
0.000427559542004000
0.000437776208855000
0.000457528192783000
0.000450173654826000
0.000403931859182000
0.000465600809548000
0.000430841348134000
0.000466788711492000
0.000495479442179000
0.000500794209074000
0.000517202017363000
0.000413174158894000
0.000431655236753000
0.000501854636241000
0.000588139111642000
0.000415264803451000
0.000430177053204000
0.000406087056035000
0.000439364666818000
0.000514328130521000
0.000424351397669000
0.000441424839664000
0.000417618517531000
0.000414669018937000
0.000437395850895000
0.000450587074738000
0.000453936023405000
0.000449029030278000
0.000435411406215000
0.000417215778725000
0.000438362389104000
0.000463004602352000
0.000464551878395000
0.000450301187811000
0.000424865051173000
0.000445422774646000
0.000460450362880000
0.000461302523036000
0.000449503946584000
0.000428347790148000
0.000444334320491000
0.000449545332231000
0.000449485640274000
0.000441074225819000
0.000425623788033000
0.000435198249761000
0.000433688081102000
0.000432983622886000
0.000428076280514000
0.000418699753936000
0.000421382457716000
0.000415904418333000
0.000413929868955000
0.000411114888266000
0.000406634877436000
0.000403786223615000
0.000397760071792000
0.000394489266910000
0.000391889567254000
0.000389335589716000
0.000385825027479000
0.000381280726288000
0.000377918622689000
0.000374604860554000
0.000371066795196000
0.000370688387193000
0.000365754502127000
0.000363238883438000
0.000359976955224000
0.000356242147973000
0.000356842007022000
0.000352740928065000
0.000350050861016000
0.000346073706169000
0.000342666811775000
0.000342022103723000
0.000343181163771000
0.000340061436873000
0.000334766285960000
0.000331756105879000
0.000331733521307000
0.000322493928252000
0.000330045877490000
0.000332732801326000
0.000330446491716000
0.000323301210301000
0.000315546174534000
0.000334333861247000
0.000344021653291000
0.000344590283930000
0.000336097698892000
0.000325970147969000
0.000361188373063000
0.000380848330678000
0.000385162042221000
0.000374034541892000
0.000356211065082000
0.000402084900998000
0.000428280531196000
0.000435241061496000
0.000422712531872000
0.000385193066904000
0.000420074531576000
0.000446364749223000
0.000464416370960000
0.000474107946502000
0.000441549957031000
0.000441658397904000
0.000456809706520000
0.000487096433062000
0.000532605103217000
0.000553272664547000
0.000481212133309000
0.000451055559097000
0.000462510506622000
0.000515741470736000
0.000602321466431000
0.000507371616550000
0.000449085957371000
0.000427547900472000
0.000442267744802000
0.000515950610861000
0.000476973335026000
0.000446404592367000
0.000424359546741000
0.000410474662203000
0.000431238702731000
0.000443149066996000
0.000446290330729000
0.000440583593445000
0.000426092941780000
0.000405683735153000
0.000436356873251000
0.000452752370620000
0.000454837223515000
0.000442728574853000
0.000415996415541000
0.000440227100626000
0.000453110493254000
0.000454654189525000
0.000444931094535000
0.000423204997787000
0.000437793321908000
0.000445246259915000
0.000445564131951000
0.000438798684627000
0.000423442339525000
0.000429109350080000
0.000431618682342000
0.000430946063716000
0.000427136605140000
0.000418209208874000
0.000416893075453000
0.000415216141846000
0.000413131638197000
0.000410677923355000
0.000406532315537000
0.000401517230785000
0.000397316849558000
0.000393868016545000
0.000391204695916000
0.000388745102100000
0.000384134968044000
0.000380009383662000
0.000376292795409000
0.000373027607566000
0.000369478395442000
0.000366159627447000
0.000362986640539000
0.000359855708666000
0.000356840580935000
0.000352730945451000
0.000350808753865000
0.000348322006175000
0.000345139385900000
0.000341361301253000
0.000336632423569000
0.000337846897310000
0.000336867320584000
0.000333551084623000
0.000328012509272000
0.000322508858517000
0.000322493928252000
0.000313469208777000
0.000321249041008000
0.000324231426930000
0.000322251900798000
0.000315317505738000
0.000303631706629000
0.000314517586958000
0.000335302262101000
0.000337473931722000
0.000330529204803000
0.000314600125421000
0.000330562528688000
0.000375381932827000
0.000382566213375000
0.000374366733013000
0.000350721442373000
0.000377514632419000
0.000427117920481000
0.000436086382251000
0.000425748177804000
0.000395842944272000
0.000450788211310000
0.000453493907116000
0.000469702470582000
0.000477713474538000
0.000477164110634000
0.000530907185748000
0.000480776361655000
0.000505278352648000
0.000545116898138000
0.000599763938226000
0.000601839856245000
0.000483071227791000
0.000487455050461000
0.000533674086910000
0.000621226383373000
0.000460226583527000
0.000473232299555000
0.000454156368505000
0.000471549370559000
0.000525179842953000
0.000419807882281000
0.000459296716144000
0.000438955466961000
0.000426878337748000
0.000423159712227000
0.000426320038969000
0.000436645030277000
0.000430187938036000
0.000414866721258000
0.000390928704292000
0.000417182222009000
0.000439119758084000
0.000441793323262000
0.000430188112659000
0.000404478632845000
0.000430243206210000
0.000443015305791000
0.000445280806161000
0.000436227011960000
0.000415956863435000
0.000434694607975000
0.000438773509813000
0.000439489347627000
0.000433086795965000
0.000419626478106000
0.000429938809248000
0.000427871505963000
0.000427248567576000
0.000423460413003000
0.000416545168264000
0.000418841402279000
0.000413330068113000
0.000411153741879000
0.000408582767705000
0.000405649479944000
0.000402220641263000
0.000396076560719000
0.000392470741645000
0.000389624037780000
0.000387581443647000
0.000383818289265000
0.000378139229724000
0.000374096009182000
0.000370469409972000
0.000367328873836000
0.000367218599422000
0.000359611061867000
0.000355907774065000
0.000352265196852000
0.000348788133124000
0.000350877904566000
0.000343407649780000
0.000339791615261000
0.000335504097166000
0.000330693233991000
0.000334298092639000
0.000330567301717000
0.000327125337208000
0.000321369152516000
0.000313487718813000
0.000313469208777000
